
# Surface 0 of 1 surfaces

# Curve title: "'Datos/dataContour.txt'"

# Contour 0, label:     0.09
 49.4142  47  0.09 
 49  46.1333  0.09 
 48.8255  46  0.09 
 48  45.1751  0.09 
 47.3578  45  0.09 
 47  44.8695  0.09 
 46  44.9588  0.09 
 45.9104  45  0.09 
 45  45.395  0.09 
 44.3084  46  0.09 
 44  46.3415  0.09 
 43.5528  47  0.09 
 43.1124  48  0.09 
 43  48.4585  0.09 
 42.8643  49  0.09 
 42.7827  50  0.09 
 42.8643  51  0.09 
 43  51.5415  0.09 
 43.1124  52  0.09 
 43.5528  53  0.09 
 44  53.6585  0.09 
 44.3084  54  0.09 
 45  54.605  0.09 
 45.9104  55  0.09 
 46  55.0412  0.09 
 47  55.1305  0.09 
 47.3578  55  0.09 
 48  54.8249  0.09 
 48.8255  54  0.09 
 49  53.8667  0.09 
 49.4142  53  0.09 
 49.7217  52  0.09 
 49.8462  51  0.09 
 49.8765  50  0.09 
 49.8462  49  0.09 
 49.7217  48  0.09 
 49.4142  47  0.09 

 64.0844  49  0.09 
 64  48.2597  0.09 
 63.9425  48  0.09 
 63.5373  47  0.09 
 63.0886  46  0.09 
 63  45.8217  0.09 
 62.0515  45  0.09 
 62  44.9505  0.09 
 61.9459  45  0.09 
 61.6187  46  0.09 
 61.633  47  0.09 
 61.678  48  0.09 
 61.6808  49  0.09 
 61.6723  50  0.09 
 61.6808  51  0.09 
 61.678  52  0.09 
 61.633  53  0.09 
 61.6187  54  0.09 
 61.9459  55  0.09 
 62  55.0495  0.09 
 62.0515  55  0.09 
 63  54.1783  0.09 
 63.0886  54  0.09 
 63.5373  53  0.09 
 63.9425  52  0.09 
 64  51.7403  0.09 
 64.0844  51  0.09 
 64.1178  50  0.09 
 64.0844  49  0.09 


# Contour 1, label:     0.07
 49.1273  46  0.07 
 49  45.6998  0.07 
 48.2994  45  0.07 
 48  44.709  0.07 
 47  44.3925  0.07 
 46  44.482  0.07 
 45  44.935  0.07 
 44.917  45  0.07 
 44  45.7702  0.07 
 43.8097  46  0.07 
 43.1662  47  0.07 
 43  47.3955  0.07 
 42.7582  48  0.07 
 42.5293  49  0.07 
 42.4596  50  0.07 
 42.5293  51  0.07 
 42.7582  52  0.07 
 43  52.6045  0.07 
 43.1662  53  0.07 
 43.8097  54  0.07 
 44  54.2298  0.07 
 44.917  55  0.07 
 45  55.065  0.07 
 46  55.518  0.07 
 47  55.6075  0.07 
 48  55.291  0.07 
 48.2994  55  0.07 
 49  54.3002  0.07 
 49.1273  54  0.07 
 49.5444  53  0.07 
 49.7836  52  0.07 
 49.8803  51  0.07 
 49.9039  50  0.07 
 49.8803  49  0.07 
 49.7836  48  0.07 
 49.5444  47  0.07 
 49.1273  46  0.07 

 65.1248  48  0.07 
 65  47.3375  0.07 
 64.9187  47  0.07 
 64.5944  46  0.07 
 64.1946  45  0.07 
 64  44.5744  0.07 
 63.6485  44  0.07 
 63  43.0003  0.07 
 62.0561  42  0.07 
 62  41.9419  0.07 
 61  41.2806  0.07 
 60.1826  41  0.07 
 60  40.9354  0.07 
 59.77  41  0.07 
 59.0489  42  0.07 
 59.2985  43  0.07 
 59.6109  44  0.07 
 59.8971  45  0.07 
 60  45.3826  0.07 
 60.1961  46  0.07 
 60.4234  47  0.07 
 60.5795  48  0.07 
 60.6723  49  0.07 
 60.7007  50  0.07 
 60.6723  51  0.07 
 60.5795  52  0.07 
 60.4234  53  0.07 
 60.1961  54  0.07 
 60  54.6174  0.07 
 59.8971  55  0.07 
 59.6109  56  0.07 
 59.2985  57  0.07 
 59.0489  58  0.07 
 59.77  59  0.07 
 60  59.0646  0.07 
 60.1826  59  0.07 
 61  58.7194  0.07 
 62  58.0581  0.07 
 62.0561  58  0.07 
 62.9997  57  0.07 
 63.6485  56  0.07 
 64  55.4256  0.07 
 64.1946  55  0.07 
 64.5944  54  0.07 
 64.9187  53  0.07 
 65  52.6625  0.07 
 65.1248  52  0.07 
 65.2652  51  0.07 
 65.3207  50  0.07 
 65.2652  49  0.07 
 65.1248  48  0.07 


# Contour 2, label:     0.05
 30.2851  40  0.05 
 30  39.6725  0.05 
 29.7193  40  0.05 
 29  40.5686  0.05 
 28.7593  41  0.05 
 28.1119  42  0.05 
 28  42.1363  0.05 
 27.6602  43  0.05 
 27.2776  44  0.05 
 27  44.7164  0.05 
 26.9344  45  0.05 
 26.7135  46  0.05 
 26.5269  47  0.05 
 26.38  48  0.05 
 26.224  49  0.05 
 26.1247  50  0.05 
 26.224  51  0.05 
 26.38  52  0.05 
 26.5269  53  0.05 
 26.7135  54  0.05 
 26.9344  55  0.05 
 27  55.2836  0.05 
 27.2776  56  0.05 
 27.6602  57  0.05 
 28  57.8637  0.05 
 28.1119  58  0.05 
 28.7593  59  0.05 
 29  59.4314  0.05 
 29.7193  60  0.05 
 30  60.3275  0.05 
 30.2851  60  0.05 
 30.2704  59  0.05 
 30.1234  58  0.05 
 30  57.1208  0.05 
 29.9676  57  0.05 
 29.7338  56  0.05 
 29.5517  55  0.05 
 29.389  54  0.05 
 29.2467  53  0.05 
 29.1776  52  0.05 
 29.1865  51  0.05 
 29.2038  50  0.05 
 29.1865  49  0.05 
 29.1776  48  0.05 
 29.2467  47  0.05 
 29.389  46  0.05 
 29.5517  45  0.05 
 29.7338  44  0.05 
 29.9676  43  0.05 
 30  42.8792  0.05 
 30.1234  42  0.05 
 30.2704  41  0.05 
 30.2851  40  0.05 

 49.3767  46  0.05 
 49  45.1119  0.05 
 48.888  45  0.05 
 48  44.137  0.05 
 47.425  44  0.05 
 47  43.879  0.05 
 46.058  44  0.05 
 46  44.0052  0.05 
 45  44.3992  0.05 
 44.2331  45  0.05 
 44  45.1957  0.05 
 43.3339  46  0.05 
 43  46.5518  0.05 
 42.7623  47  0.05 
 42.3903  48  0.05 
 42.1942  49  0.05 
 42.1365  50  0.05 
 42.1942  51  0.05 
 42.3903  52  0.05 
 42.7623  53  0.05 
 43  53.4482  0.05 
 43.3339  54  0.05 
 44  54.8043  0.05 
 44.2331  55  0.05 
 45  55.6008  0.05 
 46  55.9948  0.05 
 46.058  56  0.05 
 47  56.121  0.05 
 47.425  56  0.05 
 48  55.863  0.05 
 48.888  55  0.05 
 49  54.8881  0.05 
 49.3767  54  0.05 
 49.6745  53  0.05 
 49.8454  52  0.05 
 49.9145  51  0.05 
 49.9314  50  0.05 
 49.9145  49  0.05 
 49.8454  48  0.05 
 49.6745  47  0.05 
 49.3767  46  0.05 

 66.0327  48  0.05 
 66  47.8114  0.05 
 65.8431  47  0.05 
 65.5862  46  0.05 
 65.2471  45  0.05 
 65  44.408  0.05 
 64.8005  44  0.05 
 64.2559  43  0.05 
 64  42.5832  0.05 
 63.5723  42  0.05 
 63  41.2579  0.05 
 62.7498  41  0.05 
 62  40.2484  0.05 
 61.6848  40  0.05 
 61  39.4628  0.05 
 60.2284  39  0.05 
 60  38.8624  0.05 
 59  38.4805  0.05 
 58  38.3395  0.05 
 57  38.6308  0.05 
 56.5903  39  0.05 
 56.4155  40  0.05 
 56.7775  41  0.05 
 57  41.3232  0.05 
 57.3775  42  0.05 
 57.9601  43  0.05 
 58  43.061  0.05 
 58.5453  44  0.05 
 58.9842  45  0.05 
 59  45.0404  0.05 
 59.3939  46  0.05 
 59.6743  47  0.05 
 59.8552  48  0.05 
 59.9726  49  0.05 
 60  49.5937  0.05 
 60.025  50  0.05 
 60  50.4063  0.05 
 59.9726  51  0.05 
 59.8552  52  0.05 
 59.6743  53  0.05 
 59.3939  54  0.05 
 59  54.9596  0.05 
 58.9842  55  0.05 
 58.5453  56  0.05 
 58  56.939  0.05 
 57.9601  57  0.05 
 57.3775  58  0.05 
 57  58.6768  0.05 
 56.7775  59  0.05 
 56.4155  60  0.05 
 56.5903  61  0.05 
 57  61.3692  0.05 
 58  61.6605  0.05 
 59  61.5195  0.05 
 60  61.1376  0.05 
 60.2284  61  0.05 
 61  60.5372  0.05 
 61.6848  60  0.05 
 62  59.7516  0.05 
 62.7498  59  0.05 
 63  58.7421  0.05 
 63.5723  58  0.05 
 64  57.4168  0.05 
 64.2559  57  0.05 
 64.8005  56  0.05 
 65  55.592  0.05 
 65.2471  55  0.05 
 65.5862  54  0.05 
 65.8431  53  0.05 
 66  52.1886  0.05 
 66.0327  52  0.05 
 66.1428  51  0.05 
 66.1772  50  0.05 
 66.1428  49  0.05 
 66.0327  48  0.05 


# Contour 3, label:     0.03
 12.1375  63  0.03 
 12  62.3526  0.03 
 11.6606  62  0.03 
 11.3016  61  0.03 
 11.0736  60  0.03 
 11.0343  59  0.03 
 11.124  58  0.03 
 11.1748  57  0.03 
 11.1199  56  0.03 
 11  55.0314  0.03 
 10.9881  55  0.03 
 10.7454  54  0.03 
 10.6002  53  0.03 
 10.4371  52  0.03 
 10  51.2236  0.03 
 9.82624  51  0.03 
 9.61714  50  0.03 
 9.82624  49  0.03 
 10  48.7764  0.03 
 10.4371  48  0.03 
 10.6002  47  0.03 
 10.7454  46  0.03 
 10.9881  45  0.03 
 11  44.9686  0.03 
 11.1199  44  0.03 
 11.1748  43  0.03 
 11.124  42  0.03 
 11.0343  41  0.03 
 11.0736  40  0.03 
 11.3016  39  0.03 
 11.6606  38  0.03 
 11  37.5339  0.03 
 10.8732  38  0.03 
 10.7061  39  0.03 
 10.4665  40  0.03 
 10  40.5141  0.03 
 9.96376  41  0.03 
 10  41.8501  0.03 
 10.0548  42  0.03 
 10  42.1283  0.03 
 9.91958  43  0.03 
 9.57283  44  0.03 
 9.16574  45  0.03 
 9  45.4901  0.03 
 8.93227  46  0.03 
 8.79324  47  0.03 
 8.63663  48  0.03 
 8.33152  49  0.03 
 8.0078  50  0.03 
 8.33152  51  0.03 
 8.63663  52  0.03 
 8.79324  53  0.03 
 8.93227  54  0.03 
 9  54.5099  0.03 
 9.16574  55  0.03 
 9.57283  56  0.03 
 9.91958  57  0.03 
 10  57.8717  0.03 
 10.0548  58  0.03 
 10  58.1499  0.03 
 9.96376  59  0.03 
 10  59.4859  0.03 
 10.4665  60  0.03 
 10.7061  61  0.03 
 10.8732  62  0.03 
 11  62.4661  0.03 
 11.5484  63  0.03 
 11.9014  64  0.03 
 12  64.2376  0.03 
 12.1981  64  0.03 
 12.1375  63  0.03 

 12.1981  36  0.03 
 12  35.7624  0.03 
 11.9014  36  0.03 
 11.5484  37  0.03 
 12  37.6474  0.03 
 12.1375  37  0.03 
 12.1981  36  0.03 

 30.7137  47  0.03 
 30.8721  46  0.03 
 31  45.4506  0.03 
 31.0883  45  0.03 
 31.3515  44  0.03 
 31.6768  43  0.03 
 32  42.2036  0.03 
 32.0754  42  0.03 
 32.4725  41  0.03 
 32.9678  40  0.03 
 33  39.9373  0.03 
 33.4724  39  0.03 
 34  38.1415  0.03 
 34.0867  38  0.03 
 34.7173  37  0.03 
 35  36.5944  0.03 
 35.4376  36  0.03 
 36  35.2287  0.03 
 36.1931  35  0.03 
 37  34.0015  0.03 
 37.0014  34  0.03 
 37.7088  33  0.03 
 38  32.4813  0.03 
 38.3212  32  0.03 
 38.2173  31  0.03 

 38.2173  31  0.03 
 38  30.8971  0.03 
 37  30.8689  0.03 
 36.4109  31  0.03 
 36  31.1024  0.03 
 35  31.495  0.03 
 34  31.983  0.03 
 33.9751  32  0.03 
 33  32.668  0.03 
 32.5766  33  0.03 
 32  33.4534  0.03 
 31.4074  34  0.03 
 31  34.3695  0.03 
 30.4149  35  0.03 
 30  35.4426  0.03 
 29.5515  36  0.03 
 29  36.6749  0.03 
 28.7767  37  0.03 
 28.1049  38  0.03 
 28  38.1557  0.03 
 27.5305  39  0.03 
 27  39.9982  0.03 
 26.9992  40  0.03 
 26.5532  41  0.03 
 26.1467  42  0.03 
 26  42.3856  0.03 
 25.7943  43  0.03 
 25.4804  44  0.03 
 25.2097  45  0.03 
 25  45.9381  0.03 
 24.9879  46  0.03 
 24.8496  47  0.03 
 24.7459  48  0.03 
 24.6924  49  0.03 
 24.6797  50  0.03 
 24.6924  51  0.03 
 24.7459  52  0.03 
 24.8496  53  0.03 
 24.9879  54  0.03 
 25  54.0619  0.03 
 25.2097  55  0.03 
 25.4804  56  0.03 
 25.7943  57  0.03 
 26  57.6144  0.03 
 26.1467  58  0.03 
 26.5532  59  0.03 
 26.9992  60  0.03 
 27  60.0018  0.03 
 27.5305  61  0.03 
 28  61.8443  0.03 
 28.1049  62  0.03 
 28.7767  63  0.03 
 29  63.3251  0.03 
 29.5515  64  0.03 
 30  64.5574  0.03 
 30.4149  65  0.03 
 31  65.6305  0.03 
 31.4074  66  0.03 
 32  66.5466  0.03 
 32.5766  67  0.03 
 33  67.332  0.03 
 33.9751  68  0.03 
 34  68.017  0.03 
 35  68.505  0.03 
 36  68.8976  0.03 
 36.4109  69  0.03 
 37  69.1311  0.03 
 38  69.1029  0.03 
 38.2173  69  0.03 
 38.3212  68  0.03 
 38  67.5187  0.03 
 37.7088  67  0.03 
 37.0014  66  0.03 
 37  65.9985  0.03 
 36.1931  65  0.03 
 36  64.7713  0.03 
 35.4376  64  0.03 
 35  63.4056  0.03 
 34.7173  63  0.03 
 34.0867  62  0.03 
 34  61.8585  0.03 
 33.4724  61  0.03 
 33  60.0627  0.03 
 32.9678  60  0.03 
 32.4725  59  0.03 
 32.0754  58  0.03 
 32  57.7964  0.03 
 31.6768  57  0.03 
 31.3515  56  0.03 
 31.0883  55  0.03 
 31  54.5494  0.03 
 30.8721  54  0.03 
 30.7137  53  0.03 
 30.5888  52  0.03 
 30.5025  51  0.03 
 30.4732  50  0.03 
 30.5025  49  0.03 
 30.5888  48  0.03 
 30.7137  47  0.03 

 49.3506  45  0.03 
 49  44.2001  0.03 
 48.7896  44  0.03 
 48  43.3526  0.03 
 47  43.1952  0.03 
 46  43.3676  0.03 
 45  43.8259  0.03 
 44.7721  44  0.03 
 44  44.5671  0.03 
 43.6011  45  0.03 
 43  45.7691  0.03 
 42.8526  46  0.03 
 42.3453  47  0.03 
 42.0224  48  0.03 
 42  48.1266  0.03 
 41.8321  49  0.03 
 41.7728  50  0.03 
 41.8321  51  0.03 
 42  51.8734  0.03 
 42.0224  52  0.03 
 42.3453  53  0.03 
 42.8526  54  0.03 
 43  54.2309  0.03 
 43.6011  55  0.03 
 44  55.4329  0.03 
 44.7721  56  0.03 
 45  56.1741  0.03 
 46  56.6324  0.03 
 47  56.8048  0.03 
 48  56.6474  0.03 
 48.7896  56  0.03 
 49  55.7999  0.03 
 49.3506  55  0.03 
 49.626  54  0.03 
 49.8047  53  0.03 
 49.9072  52  0.03 
 49.9487  51  0.03 
 49.9588  50  0.03 
 49.9487  49  0.03 
 49.9072  48  0.03 
 49.8047  47  0.03 
 49.626  46  0.03 
 49.3506  45  0.03 

 66.1326  45  0.03 
 66  44.6469  0.03 
 65.7366  44  0.03 
 65.2744  43  0.03 
 65  42.4786  0.03 
 64.7147  42  0.03 
 64.0549  41  0.03 
 64  40.9224  0.03 
 63.2534  40  0.03 
 63  39.7045  0.03 
 62.278  39  0.03 
 62  38.7334  0.03 
 61.0725  38  0.03 
 61  37.9424  0.03 
 60  37.3118  0.03 
 59.3492  37  0.03 
 59  36.8244  0.03 
 58  36.468  0.03 
 57  36.2535  0.03 
 56  36.233  0.03 
 55  36.5396  0.03 
 54.3449  37  0.03 
 54  37.4968  0.03 
 53.7809  38  0.03 
 53.807  39  0.03 
 54  39.4213  0.03 
 54.2411  40  0.03 
 55  40.8799  0.03 
 55.0816  41  0.03 
 56  41.9424  0.03 
 56.0439  42  0.03 
 56.9358  43  0.03 
 57  43.0693  0.03 
 57.6803  44  0.03 
 58  44.5063  0.03 
 58.2765  45  0.03 
 58.7314  46  0.03 
 59  46.8254  0.03 
 59.0607  47  0.03 
 59.3158  48  0.03 
 59.4653  49  0.03 
 59.518  50  0.03 
 59.4653  51  0.03 
 59.3158  52  0.03 
 59.0607  53  0.03 
 59  53.1746  0.03 
 58.7314  54  0.03 
 58.2765  55  0.03 
 58  55.4937  0.03 
 57.6803  56  0.03 
 57  56.9307  0.03 
 56.9358  57  0.03 
 56.0439  58  0.03 
 56  58.0576  0.03 
 55.0816  59  0.03 
 55  59.1201  0.03 
 54.2411  60  0.03 
 54  60.5787  0.03 
 53.807  61  0.03 
 53.7809  62  0.03 
 54  62.5032  0.03 
 54.3449  63  0.03 
 55  63.4604  0.03 
 56  63.767  0.03 
 57  63.7465  0.03 
 58  63.532  0.03 
 59  63.1756  0.03 
 59.3492  63  0.03 
 60  62.6882  0.03 
 61  62.0576  0.03 
 61.0725  62  0.03 
 62  61.2666  0.03 
 62.278  61  0.03 
 63  60.2955  0.03 
 63.2534  60  0.03 
 64  59.0776  0.03 
 64.0549  59  0.03 
 64.7147  58  0.03 
 65  57.5214  0.03 
 65.2744  57  0.03 
 65.7366  56  0.03 
 66  55.3531  0.03 
 66.1326  55  0.03 
 66.4359  54  0.03 
 66.6748  53  0.03 
 66.8452  52  0.03 
 66.9202  51  0.03 
 66.9337  50  0.03 
 66.9202  49  0.03 
 66.8452  48  0.03 
 66.6748  47  0.03 
 66.4359  46  0.03 
 66.1326  45  0.03 

 82  59.3029  0.03 
 82.1011  59  0.03 
 82.3956  58  0.03 
 82.6811  57  0.03 
 82.9924  56  0.03 
 83  55.9631  0.03 
 83.1299  55  0.03 
 83.2087  54  0.03 
 83.3023  53  0.03 
 83.4287  52  0.03 
 83.5339  51  0.03 
 83.571  50  0.03 
 83.5339  49  0.03 
 83.4287  48  0.03 
 83.3023  47  0.03 
 83.2087  46  0.03 
 83.1299  45  0.03 

 83.1299  45  0.03 
 83  44.0369  0.03 
 82.9924  44  0.03 
 82.6811  43  0.03 
 82.3956  42  0.03 
 82.1011  41  0.03 
 82  40.6971  0.03 
 81.6908  40  0.03 
 81.2805  39  0.03 
 81  38.2628  0.03 
 80.8677  38  0.03 
 80.3596  37  0.03 
 80  36.2405  0.03 
 79.8533  36  0.03 
 79.2724  35  0.03 
 79  34.5144  0.03 
 78.6056  34  0.03 
 78  33.0262  0.03 
 77.9756  33  0.03 
 77.1203  32  0.03 
 77  31.8448  0.03 
 76.1587  31  0.03 
 76  30.8201  0.03 
 75.005  30  0.03 
 75  29.9954  0.03 
 74  29.7504  0.03 
 73.8182  30  0.03 
 73.8853  31  0.03 
 74  31.2847  0.03 
 74.3205  32  0.03 
 74.7545  33  0.03 
 75  33.5214  0.03 
 75.2692  34  0.03 
 75.7422  35  0.03 
 76  35.6015  0.03 
 76.2146  36  0.03 
 76.6812  37  0.03 
 77  37.8627  0.03 
 77.0637  38  0.03 
 77.4781  39  0.03 
 77.7944  40  0.03 
 78  40.9366  0.03 
 78.0183  41  0.03 
 78.2914  42  0.03 
 78.5402  43  0.03 
 78.7303  44  0.03 
 78.8922  45  0.03 
 79  45.6995  0.03 
 79.0676  46  0.03 
 79.2136  47  0.03 
 79.266  48  0.03 
 79.2467  49  0.03 
 79.2264  50  0.03 
 79.2467  51  0.03 
 79.266  52  0.03 
 79.2136  53  0.03 
 79.0676  54  0.03 
 79  54.3005  0.03 
 78.8922  55  0.03 
 78.7303  56  0.03 
 78.5402  57  0.03 
 78.2914  58  0.03 
 78.0183  59  0.03 
 78  59.0634  0.03 
 77.7944  60  0.03 
 77.4781  61  0.03 
 77.0637  62  0.03 
 77  62.1373  0.03 
 76.6812  63  0.03 
 76.2146  64  0.03 
 76  64.3985  0.03 
 75.7422  65  0.03 
 75.2692  66  0.03 
 75  66.4786  0.03 
 74.7545  67  0.03 
 74.3205  68  0.03 
 74  68.7153  0.03 
 73.8853  69  0.03 
 73.8182  70  0.03 
 74  70.2496  0.03 
 75  70.0046  0.03 
 75.005  70  0.03 
 76  69.1799  0.03 
 76.1587  69  0.03 
 77  68.1552  0.03 
 77.1203  68  0.03 
 77.9756  67  0.03 
 78  66.9738  0.03 
 78.6056  66  0.03 
 79  65.4856  0.03 
 79.2724  65  0.03 
 79.8533  64  0.03 
 80  63.7595  0.03 
 80.3596  63  0.03 
 80.8677  62  0.03 
 81  61.7372  0.03 
 81.2805  61  0.03 
 81.6908  60  0.03 
 82  59.3029  0.03 


# Contour 4, label:     0.01
 14  58.194  0.01 
 13.9448  58  0.01 
 13.71  57  0.01 
 13.5277  56  0.01 
 13.4109  55  0.01 
 13.3334  54  0.01 
 13.2484  53  0.01 
 13.133  52  0.01 
 13.0171  51  0.01 
 13  50.6651  0.01 
 12.9701  50  0.01 
 13  49.3349  0.01 
 13.0171  49  0.01 
 13.133  48  0.01 
 13.2484  47  0.01 
 13.3334  46  0.01 
 13.4109  45  0.01 
 13.5277  44  0.01 
 13.71  43  0.01 
 13.9448  42  0.01 
 14  41.806  0.01 
 14.2007  41  0.01 
 14.4725  40  0.01 
 14.8041  39  0.01 
 15  38.4751  0.01 
 15.1538  38  0.01 
 15.4802  37  0.01 
 15.8747  36  0.01 
 16  35.6974  0.01 
 16.2632  35  0.01 
 16.6818  34  0.01 
 17  33.3259  0.01 
 17.1537  33  0.01 
 17.6681  32  0.01 
 18  31.391  0.01 
 18.2168  31  0.01 
 18.8237  30  0.01 
 19  29.7284  0.01 
 19.4724  29  0.01 
 20  28.2391  0.01 
 20.173  28  0.01 
 20.9161  27  0.01 
 21  26.8902  0.01 
 21.7049  26  0.01 
 22  25.6445  0.01 
 22.5546  25  0.01 
 23  24.4868  0.01 
 23.4514  24  0.01 
 24  23.4109  0.01 
 24.4058  23  0.01 
 25  22.394  0.01 
 25.421  22  0.01 
 26  21.4396  0.01 
 26.493  21  0.01 
 27  20.5311  0.01 
 27.6369  20  0.01 
 28  19.6743  0.01 
 28.8465  19  0.01 
 29  18.866  0.01 
 30  18.0936  0.01 
 30.135  18  0.01 
 31  17.3255  0.01 
 31.4728  17  0.01 
 32  16.5956  0.01 
 32.8735  16  0.01 
 33  15.8915  0.01 
 34  15.1843  0.01 
 34.3021  15  0.01 
 35  14.4461  0.01 
 35.6281  14  0.01 
 36  13.6627  0.01 
 36.8522  13  0.01 
 37  12.7878  0.01 
 37.6795  12  0.01 
 37.5336  11  0.01 

 12  71.8823  0.01 
 12.0769  72  0.01 
 12.7357  73  0.01 
 13  73.4033  0.01 
 13.432  74  0.01 
 14  74.8307  0.01 
 14.1332  75  0.01 
 14.8936  76  0.01 
 15  76.1386  0.01 
 15.7219  77  0.01 
 16  77.3353  0.01 
 16.5913  78  0.01 
 17  78.4698  0.01 
 17.5067  79  0.01 
 18  79.5221  0.01 
 18.4805  80  0.01 
 19  80.5191  0.01 
 19.5166  81  0.01 
 20  81.4513  0.01 
 20.6216  82  0.01 
 21  82.3295  0.01 
 21.7966  83  0.01 
 22  83.1694  0.01 
 23  83.9453  0.01 
 23.0773  84  0.01 
 24  84.6327  0.01 
 24.5298  85  0.01 
 25  85.3033  0.01 
 26  85.9509  0.01 
 26.0884  86  0.01 
 27  86.4501  0.01 
 28  86.9968  0.01 
 28.008  87  0.01 
 29  87.3485  0.01 
 30  87.694  0.01 
 31  87.9266  0.01 
 31.4106  88  0.01 
 32  88.1068  0.01 
 33  88.3212  0.01 
 34  88.5372  0.01 
 35  88.7439  0.01 
 36  88.9414  0.01 
 36.4058  89  0.01 
 37  89.0652  0.01 
 37.5336  89  0.01 
 37.6795  88  0.01 
 37  87.2122  0.01 
 36.8522  87  0.01 
 36  86.3373  0.01 
 35.6281  86  0.01 
 35  85.5539  0.01 
 34.3021  85  0.01 
 34  84.8157  0.01 
 33  84.1085  0.01 
 32.8735  84  0.01 
 32  83.4044  0.01 
 31.4728  83  0.01 
 31  82.6745  0.01 
 30.135  82  0.01 
 30  81.9064  0.01 
 29  81.134  0.01 
 28.8465  81  0.01 
 28  80.3257  0.01 
 27.6369  80  0.01 
 27  79.4689  0.01 
 26.493  79  0.01 
 26  78.5604  0.01 
 25.421  78  0.01 
 25  77.606  0.01 
 24.4058  77  0.01 
 24  76.5891  0.01 
 23.4514  76  0.01 
 23  75.5132  0.01 
 22.5546  75  0.01 
 22  74.3555  0.01 
 21.7049  74  0.01 
 21  73.1098  0.01 
 20.9161  73  0.01 
 20.173  72  0.01 
 20  71.7609  0.01 
 19.4724  71  0.01 
 19  70.2716  0.01 
 18.8237  70  0.01 
 18.2168  69  0.01 
 18  68.609  0.01 
 17.6681  68  0.01 
 17.1537  67  0.01 
 17  66.6741  0.01 
 16.6818  66  0.01 
 16.2632  65  0.01 
 16  64.3026  0.01 
 15.8747  64  0.01 
 15.4802  63  0.01 
 15.1538  62  0.01 
 15  61.5249  0.01 
 14.8041  61  0.01 
 14.4725  60  0.01 
 14.2007  59  0.01 
 14  58.194  0.01 

 37.5336  11  0.01 
 37  10.9348  0.01 
 36.4058  11  0.01 
 36  11.0586  0.01 
 35  11.2561  0.01 
 34  11.4628  0.01 
 33  11.6788  0.01 
 32  11.8932  0.01 
 31.4106  12  0.01 
 31  12.0734  0.01 
 30  12.306  0.01 
 29  12.6515  0.01 
 28.008  13  0.01 
 28  13.0032  0.01 
 27  13.5499  0.01 
 26.0884  14  0.01 
 26  14.0491  0.01 
 25  14.6967  0.01 
 24.5298  15  0.01 
 24  15.3673  0.01 
 23.0773  16  0.01 
 23  16.0547  0.01 
 22  16.8306  0.01 
 21.7966  17  0.01 
 21  17.6705  0.01 
 20.6216  18  0.01 
 20  18.5487  0.01 
 19.5166  19  0.01 
 19  19.4809  0.01 
 18.4805  20  0.01 
 18  20.4779  0.01 
 17.5067  21  0.01 
 17  21.5302  0.01 
 16.5913  22  0.01 
 16  22.6647  0.01 
 15.7219  23  0.01 
 15  23.8614  0.01 
 14.8936  24  0.01 
 14.1332  25  0.01 
 14  25.1693  0.01 
 13.432  26  0.01 
 13  26.5967  0.01 
 12.7357  27  0.01 
 12.0769  28  0.01 
 12  28.1177  0.01 
 11.5066  29  0.01 
 11  29.8277  0.01 
 10.9078  30  0.01 
 10.4194  31  0.01 
 10  31.8058  0.01 
 9.9115  32  0.01 
 9.49199  33  0.01 
 9.06228  34  0.01 
 9  34.1701  0.01 
 8.73085  35  0.01 
 8.39665  36  0.01 
 8.08708  37  0.01 
 8  37.3376  0.01 
 7.83793  38  0.01 
 7.5707  39  0.01 
 7.31637  40  0.01 
 7.0793  41  0.01 
 7  41.3597  0.01 
 6.8605  42  0.01 
 6.65719  43  0.01 
 6.46922  44  0.01 
 6.29787  45  0.01 
 6.17722  46  0.01 
 6.15393  47  0.01 
 6.21005  48  0.01 
 6.27674  49  0.01 
 6.30297  50  0.01 
 6.27674  51  0.01 
 6.21005  52  0.01 
 6.15393  53  0.01 
 6.17722  54  0.01 
 6.29787  55  0.01 
 6.46922  56  0.01 
 6.65719  57  0.01 
 6.8605  58  0.01 
 7  58.6403  0.01 
 7.0793  59  0.01 
 7.31637  60  0.01 
 7.5707  61  0.01 
 7.83793  62  0.01 
 8  62.6624  0.01 
 8.08708  63  0.01 
 8.39665  64  0.01 
 8.73085  65  0.01 
 9  65.8299  0.01 
 9.06228  66  0.01 
 9.49199  67  0.01 
 9.9115  68  0.01 
 10  68.1942  0.01 
 10.4194  69  0.01 
 10.9078  70  0.01 
 11  70.1723  0.01 
 11.5066  71  0.01 
 12  71.8823  0.01 

 46  70.5603  0.01 
 45.6812  70  0.01 
 45  69.3674  0.01 
 44.6141  69  0.01 
 44  68.6332  0.01 
 43.0967  68  0.01 
 43  67.9511  0.01 
 42  67.3624  0.01 
 41.4978  67  0.01 
 41  66.7106  0.01 
 40.0319  66  0.01 
 40  65.9803  0.01 
 39  65.2595  0.01 
 38.7159  65  0.01 
 38  64.4  0.01 
 37.5924  64  0.01 
 37  63.4398  0.01 
 36.6058  63  0.01 
 36  62.3244  0.01 
 35.7388  62  0.01 
 35.0003  61  0.01 
 34.3197  60  0.01 
 34  59.4707  0.01 
 33.7289  59  0.01 
 33.2262  58  0.01 
 33  57.4895  0.01 
 32.7799  57  0.01 
 32.4123  56  0.01 
 32.1247  55  0.01 
 32  54.4673  0.01 
 31.8815  54  0.01 
 31.6869  53  0.01 
 31.5526  52  0.01 
 31.4559  51  0.01 
 31.4152  50  0.01 
 31.4559  49  0.01 
 31.5526  48  0.01 
 31.6869  47  0.01 
 31.8815  46  0.01 
 32  45.5327  0.01 
 32.1247  45  0.01 
 32.4123  44  0.01 
 32.7799  43  0.01 
 33  42.5105  0.01 
 33.2262  42  0.01 
 33.7289  41  0.01 
 34  40.5293  0.01 
 34.3197  40  0.01 
 35  39.0004  0.01 
 35.7388  38  0.01 
 36  37.6756  0.01 
 36.6058  37  0.01 
 37  36.5602  0.01 
 37.5924  36  0.01 
 38  35.6  0.01 
 38.7159  35  0.01 
 39  34.7405  0.01 
 40  34.0197  0.01 
 40.0319  34  0.01 
 41  33.2894  0.01 
 41.4978  33  0.01 
 42  32.6376  0.01 
 43  32.0489  0.01 
 43.0967  32  0.01 
 44  31.3668  0.01 
 44.6141  31  0.01 
 45  30.6326  0.01 
 45.6812  30  0.01 
 46  29.4397  0.01 
 46.2797  29  0.01 
 46.268  28  0.01 

 46.268  28  0.01 
 46  27.5827  0.01 
 45.5558  27  0.01 
 45  26.5065  0.01 
 44  26.134  0.01 
 43  26.0884  0.01 
 42  26.1475  0.01 
 41  26.2777  0.01 
 40  26.4677  0.01 
 39  26.7615  0.01 
 38.4216  27  0.01 
 38  27.1651  0.01 
 37  27.6327  0.01 
 36.3381  28  0.01 
 36  28.1819  0.01 
 35  28.7821  0.01 
 34.6849  29  0.01 
 34  29.4565  0.01 
 33.2899  30  0.01 
 33  30.2174  0.01 
 32.0607  31  0.01 
 32  31.0503  0.01 
 31  31.9961  0.01 
 30.9962  32  0.01 
 30.0315  33  0.01 
 30  33.0332  0.01 
 29.1818  34  0.01 
 29  34.2185  0.01 
 28.4032  35  0.01 
 28  35.5542  0.01 
 27.6997  36  0.01 
 27.0625  37  0.01 
 27  37.0998  0.01 
 26.4853  38  0.01 
 26  38.9286  0.01 
 25.9637  39  0.01 
 25.4961  40  0.01 
 25.0882  41  0.01 
 25  41.2466  0.01 
 24.7389  42  0.01 
 24.432  43  0.01 
 24.1878  44  0.01 
 24  44.883  0.01 
 23.9747  45  0.01 
 23.7659  46  0.01 
 23.6061  47  0.01 
 23.5155  48  0.01 
 23.4776  49  0.01 
 23.4683  50  0.01 
 23.4776  51  0.01 
 23.5155  52  0.01 
 23.6061  53  0.01 
 23.7659  54  0.01 
 23.9747  55  0.01 
 24  55.117  0.01 
 24.1878  56  0.01 
 24.432  57  0.01 
 24.7389  58  0.01 
 25  58.7534  0.01 
 25.0882  59  0.01 
 25.4961  60  0.01 
 25.9637  61  0.01 
 26  61.0714  0.01 
 26.4853  62  0.01 
 27  62.9002  0.01 
 27.0625  63  0.01 
 27.6997  64  0.01 
 28  64.4458  0.01 
 28.4032  65  0.01 
 29  65.7815  0.01 
 29.1818  66  0.01 
 30  66.9668  0.01 
 30.0315  67  0.01 
 30.9962  68  0.01 
 31  68.0039  0.01 
 32  68.9497  0.01 
 32.0607  69  0.01 
 33  69.7826  0.01 
 33.2899  70  0.01 
 34  70.5435  0.01 
 34.6849  71  0.01 
 35  71.2179  0.01 
 36  71.8181  0.01 
 36.3381  72  0.01 
 37  72.3673  0.01 
 38  72.8349  0.01 
 38.4216  73  0.01 
 39  73.2385  0.01 
 40  73.5323  0.01 
 41  73.7223  0.01 
 42  73.8525  0.01 
 43  73.9116  0.01 
 44  73.866  0.01 
 45  73.4935  0.01 
 45.5558  73  0.01 
 46  72.4173  0.01 
 46.268  72  0.01 
 46.2797  71  0.01 
 46  70.5603  0.01 

 49.1961  43  0.01 
 49  42.7102  0.01 
 48  42.2696  0.01 
 47  42.3197  0.01 
 46  42.62  0.01 
 45.3306  43  0.01 
 45  43.1433  0.01 
 44  43.8876  0.01 
 43.8939  44  0.01 
 43  44.9943  0.01 
 42.996  45  0.01 
 42.3586  46  0.01 
 42  46.8085  0.01 
 41.9171  47  0.01 
 41.601  48  0.01 
 41.4326  49  0.01 
 41.3796  50  0.01 
 41.4326  51  0.01 
 41.601  52  0.01 
 41.9171  53  0.01 
 42  53.1915  0.01 
 42.3586  54  0.01 
 42.996  55  0.01 
 43  55.0057  0.01 
 43.8939  56  0.01 
 44  56.1124  0.01 
 45  56.8567  0.01 
 45.3306  57  0.01 
 46  57.38  0.01 
 47  57.6803  0.01 
 48  57.7304  0.01 
 49  57.2898  0.01 
 49.1961  57  0.01 
 49.6146  56  0.01 
 49.7835  55  0.01 
 49.8753  54  0.01 
 49.9349  53  0.01 
 49.9691  52  0.01 
 49.9829  51  0.01 
 49.9863  50  0.01 
 49.9829  49  0.01 
 49.9691  48  0.01 
 49.9349  47  0.01 
 49.8753  46  0.01 
 49.7835  45  0.01 
 49.6146  44  0.01 
 49.1961  43  0.01 

 65  59.2769  0.01 
 65.1786  59  0.01 
 65.7522  58  0.01 
 66  57.5027  0.01 
 66.2378  57  0.01 
 66.6445  56  0.01 
 66.9715  55  0.01 
 67  54.899  0.01 
 67.2558  54  0.01 
 67.4799  53  0.01 
 67.6276  52  0.01 
 67.706  51  0.01 
 67.7312  50  0.01 
 67.706  49  0.01 
 67.6276  48  0.01 
 67.4799  47  0.01 
 67.2558  46  0.01 

 67.2558  46  0.01 
 67  45.101  0.01 
 66.9715  45  0.01 
 66.6445  44  0.01 
 66.2378  43  0.01 
 66  42.4973  0.01 
 65.7522  42  0.01 
 65.1786  41  0.01 
 65  40.7231  0.01 
 64.4944  40  0.01 
 64  39.34  0.01 
 63.7096  39  0.01 
 63  38.2114  0.01 
 62.7796  38  0.01 
 62  37.255  0.01 
 61.6797  37  0.01 
 61  36.4444  0.01 
 60.3434  36  0.01 
 60  35.7534  0.01 
 59  35.1923  0.01 
 58.5482  35  0.01 
 58  34.7351  0.01 
 57  34.3808  0.01 
 56  34.1424  0.01 
 55  34.0058  0.01 
 54.7453  34  0.01 
 54  33.9782  0.01 
 53.8868  34  0.01 
 53  34.2424  0.01 
 52.0631  35  0.01 
 52  35.0744  0.01 
 51.5009  36  0.01 
 51.3301  37  0.01 
 51.2638  38  0.01 
 51.286  39  0.01 
 51.6938  40  0.01 
 52  40.2768  0.01 
 52.8352  41  0.01 
 53  41.0679  0.01 
 54  41.5911  0.01 
 54.5381  42  0.01 
 55  42.2498  0.01 
 55.9131  43  0.01 
 56  43.062  0.01 
 56.885  44  0.01 
 57  44.1279  0.01 
 57.6229  45  0.01 
 58  45.6898  0.01 
 58.1573  46  0.01 
 58.5653  47  0.01 
 58.8239  48  0.01 
 58.9669  49  0.01 
 59  49.7036  0.01 
 59.0175  50  0.01 
 59  50.2964  0.01 
 58.9669  51  0.01 
 58.8239  52  0.01 
 58.5653  53  0.01 
 58.1573  54  0.01 
 58  54.3102  0.01 
 57.6229  55  0.01 
 57  55.8721  0.01 
 56.885  56  0.01 
 56  56.938  0.01 
 55.9131  57  0.01 
 55  57.7502  0.01 
 54.5381  58  0.01 
 54  58.4089  0.01 
 53  58.9321  0.01 
 52.8352  59  0.01 
 52  59.7232  0.01 
 51.6938  60  0.01 
 51.286  61  0.01 
 51.2638  62  0.01 
 51.3301  63  0.01 
 51.5009  64  0.01 
 52  64.9256  0.01 
 52.0631  65  0.01 
 53  65.7576  0.01 
 53.8868  66  0.01 
 54  66.0218  0.01 
 54.7453  66  0.01 
 55  65.9942  0.01 
 56  65.8576  0.01 
 57  65.6192  0.01 
 58  65.2649  0.01 
 58.5482  65  0.01 
 59  64.8077  0.01 
 60  64.2466  0.01 
 60.3434  64  0.01 
 61  63.5556  0.01 
 61.6797  63  0.01 
 62  62.745  0.01 
 62.7796  62  0.01 
 63  61.7886  0.01 
 63.7096  61  0.01 
 64  60.66  0.01 
 64.4944  60  0.01 
 65  59.2769  0.01 

 80.606  67  0.01 
 81  66.332  0.01 
 81.1863  66  0.01 
 81.7219  65  0.01 
 82  64.4746  0.01 
 82.2311  64  0.01 
 82.6712  63  0.01 
 83  62.2546  0.01 
 83.1064  62  0.01 
 83.463  61  0.01 
 83.7819  60  0.01 
 84  59.2381  0.01 
 84.0654  59  0.01 
 84.3087  58  0.01 
 84.5201  57  0.01 
 84.7053  56  0.01 
 84.9002  55  0.01 
 85  54.5025  0.01 
 85.0916  54  0.01 
 85.2043  53  0.01 
 85.2417  52  0.01 
 85.226  51  0.01 
 85.2086  50  0.01 
 85.226  49  0.01 
 85.2417  48  0.01 
 85.2043  47  0.01 
 85.0916  46  0.01 

 76.6102  42  0.01 
 76.8842  43  0.01 
 77  43.49  0.01 
 77.1341  44  0.01 
 77.3375  45  0.01 
 77.4808  46  0.01 
 77.5885  47  0.01 
 77.6906  48  0.01 
 77.7909  49  0.01 
 77.8376  50  0.01 
 77.7909  51  0.01 
 77.6906  52  0.01 
 77.5885  53  0.01 
 77.4808  54  0.01 
 77.3375  55  0.01 
 77.1341  56  0.01 
 77  56.51  0.01 
 76.8842  57  0.01 
 76.6102  58  0.01 
 76.2731  59  0.01 
 76  59.6861  0.01 
 75.8844  60  0.01 
 75.5022  61  0.01 
 75.0358  62  0.01 
 75  62.0736  0.01 
 74.571  63  0.01 
 74.0388  64  0.01 
 74  64.0673  0.01 
 73.4524  65  0.01 
 73  65.7063  0.01 
 72.8075  66  0.01 
 72.097  67  0.01 
 72  67.13  0.01 
 71.332  68  0.01 
 71  68.4096  0.01 
 70.4775  69  0.01 
 70  69.5441  0.01 
 69.5706  70  0.01 
 69  70.5908  0.01 
 68.5581  71  0.01 
 68  71.5476  0.01 
 67.4801  72  0.01 
 67  72.433  0.01 
 66.2961  73  0.01 
 66  73.2618  0.01 
 65  73.9984  0.01 
 64.9976  74  0.01 
 64  74.7507  0.01 
 63.6052  75  0.01 
 63  75.4401  0.01 
 62.0911  76  0.01 
 62  76.073  0.01 
 61  76.7408  0.01 
 60.5137  77  0.01 
 60  77.382  0.01 
 59.0711  78  0.01 
 59  78.0853  0.01 
 58.0266  79  0.01 
 58  79.0631  0.01 
 57.642  80  0.01 
 57.8189  81  0.01 
 58  81.1517  0.01 
 59  81.4824  0.01 
 60  81.5091  0.01 
 61  81.4886  0.01 
 62  81.4232  0.01 
 63  81.2675  0.01 
 64  81.0613  0.01 
 64.1771  81  0.01 
 65  80.7013  0.01 
 66  80.2902  0.01 
 66.6026  80  0.01 
 67  79.8087  0.01 
 68  79.2983  0.01 
 68.5049  79  0.01 
 69  78.7067  0.01 
 70  78.093  0.01 
 70.1376  78  0.01 
 71  77.4202  0.01 
 71.5704  77  0.01 
 72  76.6918  0.01 
 72.8648  76  0.01 
 73  75.8921  0.01 
 74  75.0497  0.01 
 74.0537  75  0.01 
 75  74.1084  0.01 
 75.1074  74  0.01 
 76  73.1124  0.01 
 76.1026  73  0.01 
 76.9915  72  0.01 
 77  71.9906  0.01 
 77.8282  71  0.01 
 78  70.7871  0.01 
 78.6007  70  0.01 
 79  69.468  0.01 
 79.3222  69  0.01 
 79.9751  68  0.01 
 80  67.9632  0.01 
 80.606  67  0.01 

 85.0916  46  0.01 
 85  45.4975  0.01 
 84.9002  45  0.01 
 84.7053  44  0.01 
 84.5201  43  0.01 
 84.3087  42  0.01 
 84.0654  41  0.01 
 84  40.7619  0.01 
 83.7819  40  0.01 
 83.463  39  0.01 
 83.1064  38  0.01 
 83  37.7454  0.01 
 82.6712  37  0.01 
 82.2311  36  0.01 
 82  35.5254  0.01 
 81.7219  35  0.01 
 81.1863  34  0.01 
 81  33.668  0.01 
 80.606  33  0.01 
 80  32.0368  0.01 
 79.9751  32  0.01 
 79.3222  31  0.01 
 79  30.532  0.01 
 78.6007  30  0.01 
 78  29.2129  0.01 
 77.8282  29  0.01 
 77  28.0094  0.01 
 76.9915  28  0.01 
 76.1026  27  0.01 
 76  26.8876  0.01 
 75.1074  26  0.01 
 75  25.8916  0.01 
 74.0537  25  0.01 
 74  24.9503  0.01 
 73  24.1079  0.01 
 72.8648  24  0.01 
 72  23.3082  0.01 
 71.5704  23  0.01 
 71  22.5798  0.01 
 70.1376  22  0.01 
 70  21.907  0.01 
 69  21.2933  0.01 
 68.5049  21  0.01 
 68  20.7017  0.01 
 67  20.1913  0.01 
 66.6026  20  0.01 
 66  19.7098  0.01 
 65  19.2987  0.01 
 64.1771  19  0.01 
 64  18.9387  0.01 
 63  18.7325  0.01 
 62  18.5768  0.01 
 61  18.5114  0.01 
 60  18.4909  0.01 
 59  18.5176  0.01 
 58  18.8483  0.01 
 57.8189  19  0.01 
 57.642  20  0.01 
 58  20.9369  0.01 
 58.0266  21  0.01 
 59  21.9147  0.01 
 59.0711  22  0.01 
 60  22.618  0.01 
 60.5137  23  0.01 
 61  23.2592  0.01 
 62  23.927  0.01 
 62.0911  24  0.01 
 63  24.5599  0.01 
 63.6052  25  0.01 
 64  25.2493  0.01 
 64.9976  26  0.01 
 65  26.0016  0.01 
 66  26.7382  0.01 
 66.2961  27  0.01 
 67  27.567  0.01 
 67.4801  28  0.01 
 68  28.4524  0.01 
 68.5581  29  0.01 
 69  29.4092  0.01 
 69.5706  30  0.01 
 70  30.4559  0.01 
 70.4775  31  0.01 
 71  31.5904  0.01 
 71.332  32  0.01 
 72  32.87  0.01 
 72.097  33  0.01 
 72.8075  34  0.01 
 73  34.2937  0.01 
 73.4524  35  0.01 
 74  35.9327  0.01 
 74.0388  36  0.01 
 74.571  37  0.01 
 75  37.9264  0.01 
 75.0358  38  0.01 
 75.5022  39  0.01 
 75.8844  40  0.01 
 76  40.3139  0.01 
 76.2731  41  0.01 
 76.6102  42  0.01 

 95  60.2723  0.01 
 94.8041  61  0.01 
 94.5241  62  0.01 
 94.1999  63  0.01 
 94  63.4993  0.01 
 93.8215  64  0.01 
 93.4618  65  0.01 
 93.0437  66  0.01 
 93  66.0899  0.01 
 92.6196  67  0.01 
 92.1627  68  0.01 
 92  68.3095  0.01 
 91.6849  69  0.01 
 91.1769  70  0.01 
 91  70.2998  0.01 
 90.6484  71  0.01 
 90.0707  72  0.01 
 90  72.1112  0.01 
 89.5143  73  0.01 
 89  73.7871  0.01 
 88.8713  74  0.01 
 88.2453  75  0.01 
 88  75.3421  0.01 
 87.5777  76  0.01 
 87  76.7817  0.01 
 86.8455  77  0.01 
 86.0948  78  0.01 
 86  78.1203  0.01 
 85.3564  79  0.01 
 85  79.4311  0.01 
 84.5428  80  0.01 
 84  80.6391  0.01 
 83.686  81  0.01 
 83  81.7519  0.01 
 82.7698  82  0.01 
 82  82.8333  0.01 
 81.8327  83  0.01 
 81  83.8453  0.01 
 80.8362  84  0.01 
 80  84.8331  0.01 
 79.8102  85  0.01 
 79  85.7868  0.01 
 78.7418  86  0.01 
 78  86.6956  0.01 
 77.6078  87  0.01 
 77  87.594  0.01 
 76.4369  88  0.01 
 76  88.4344  0.01 
 75.1521  89  0.01 
 75  89.1891  0.01 
 74  89.9256  0.01 
 73.8773  90  0.01 
 73  90.8571  0.01 
 72.7477  91  0.01 
 73  91.2874  0.01 
 74  91.1344  0.01 
 74.3419  91  0.01 
 75  90.6141  0.01 
 76  90.151  0.01 
 76.2821  90  0.01 
 77  89.5471  0.01 
 78  89.0084  0.01 
 78.0132  89  0.01 
 79  88.3326  0.01 
 79.5022  88  0.01 
 80  87.6393  0.01 
 80.9233  87  0.01 
 81  86.9435  0.01 
 82  86.188  0.01 
 82.2327  86  0.01 
 83  85.3646  0.01 
 83.431  85  0.01 
 84  84.5185  0.01 
 84.5703  84  0.01 
 85  83.6139  0.01 
 85.6545  83  0.01 
 86  82.6729  0.01 
 86.655  82  0.01 
 87  81.6594  0.01 
 87.6212  81  0.01 
 88  80.5946  0.01 
 88.5156  80  0.01 
 89  79.4525  0.01 
 89.3696  79  0.01 
 90  78.2247  0.01 
 90.177  78  0.01 
 90.9334  77  0.01 
 91  76.9149  0.01 
 91.6447  76  0.01 
 92  75.4964  0.01 
 92.3381  75  0.01 
 92.9844  74  0.01 
 93  73.9763  0.01 
 93.6005  73  0.01 
 94  72.3377  0.01 
 94.1964  72  0.01 
 94.729  71  0.01 
 95  70.4892  0.01 

 95  29.5108  0.01 
 94.729  29  0.01 
 94.1964  28  0.01 
 94  27.6623  0.01 
 93.6005  27  0.01 
 93  26.0237  0.01 
 92.9844  26  0.01 
 92.3381  25  0.01 
 92  24.5036  0.01 
 91.6447  24  0.01 
 91  23.0851  0.01 
 90.9334  23  0.01 
 90.177  22  0.01 
 90  21.7753  0.01 
 89.3696  21  0.01 
 89  20.5475  0.01 
 88.5156  20  0.01 
 88  19.4054  0.01 
 87.6212  19  0.01 
 87  18.3406  0.01 
 86.655  18  0.01 
 86  17.3271  0.01 
 85.6545  17  0.01 
 85  16.3861  0.01 
 84.5703  16  0.01 
 84  15.4815  0.01 
 83.431  15  0.01 
 83  14.6354  0.01 
 82.2327  14  0.01 
 82  13.812  0.01 
 81  13.0565  0.01 
 80.9233  13  0.01 
 80  12.3607  0.01 
 79.5022  12  0.01 
 79  11.6674  0.01 
 78.0132  11  0.01 
 78  10.9916  0.01 
 77  10.4529  0.01 
 76.2821  10  0.01 
 76  9.84901  0.01 
 75  9.3859  0.01 
 74.3419  9  0.01 
 74  8.86559  0.01 
 73  8.71256  0.01 
 72.7477  9  0.01 
 73  9.14295  0.01 
 73.8773  10  0.01 
 74  10.0744  0.01 
 75  10.8109  0.01 
 75.1521  11  0.01 
 76  11.5656  0.01 
 76.4369  12  0.01 
 77  12.406  0.01 
 77.6078  13  0.01 
 78  13.3044  0.01 
 78.7418  14  0.01 
 79  14.2132  0.01 
 79.8102  15  0.01 
 80  15.1669  0.01 
 80.8362  16  0.01 
 81  16.1547  0.01 
 81.8327  17  0.01 
 82  17.1667  0.01 
 82.7698  18  0.01 
 83  18.2481  0.01 
 83.686  19  0.01 
 84  19.3609  0.01 
 84.5428  20  0.01 
 85  20.5689  0.01 
 85.3564  21  0.01 
 86  21.8797  0.01 
 86.0948  22  0.01 
 86.8455  23  0.01 
 87  23.2183  0.01 
 87.5777  24  0.01 
 88  24.6579  0.01 
 88.2453  25  0.01 
 88.8713  26  0.01 
 89  26.2129  0.01 
 89.5143  27  0.01 
 90  27.8888  0.01 
 90.0707  28  0.01 
 90.6484  29  0.01 
 91  29.7002  0.01 
 91.1769  30  0.01 
 91.6849  31  0.01 
 92  31.6905  0.01 
 92.1627  32  0.01 
 92.6196  33  0.01 
 93  33.9101  0.01 
 93.0437  34  0.01 
 93.4618  35  0.01 
 93.8215  36  0.01 
 94  36.5007  0.01 
 94.1999  37  0.01 
 94.5241  38  0.01 
 94.8041  39  0.01 
 95  39.7277  0.01 


# Contour 5, label:    -0.01
 29  31.5904 -0.01 
 29.5225  31 -0.01 
 30  30.4559 -0.01 
 30.4294  30 -0.01 
 31  29.4092 -0.01 
 31.4419  29 -0.01 
 32  28.4524 -0.01 
 32.5199  28 -0.01 
 33  27.567 -0.01 
 33.7039  27 -0.01 
 34  26.7382 -0.01 
 35  26.0016 -0.01 
 35.0024  26 -0.01 
 36  25.2493 -0.01 
 36.3948  25 -0.01 
 37  24.5599 -0.01 
 37.9089  24 -0.01 
 38  23.927 -0.01 
 39  23.2592 -0.01 
 39.4863  23 -0.01 
 40  22.618 -0.01 
 40.9289  22 -0.01 
 41  21.9147 -0.01 
 41.9734  21 -0.01 
 42  20.9369 -0.01 
 42.358  20 -0.01 
 42.1811  19 -0.01 

 27  75.8921 -0.01 
 27.1352  76 -0.01 
 28  76.6918 -0.01 
 28.4296  77 -0.01 
 29  77.4202 -0.01 
 29.8624  78 -0.01 
 30  78.093 -0.01 
 31  78.7067 -0.01 
 31.4951  79 -0.01 
 32  79.2983 -0.01 
 33  79.8087 -0.01 
 33.3974  80 -0.01 
 34  80.2902 -0.01 
 35  80.7013 -0.01 
 35.8229  81 -0.01 
 36  81.0613 -0.01 
 37  81.2675 -0.01 
 38  81.4232 -0.01 
 39  81.4886 -0.01 
 40  81.5091 -0.01 
 41  81.4824 -0.01 
 42  81.1517 -0.01 
 42.1811  81 -0.01 
 42.358  80 -0.01 
 42  79.0631 -0.01 
 41.9734  79 -0.01 
 41  78.0853 -0.01 
 40.9289  78 -0.01 
 40  77.382 -0.01 
 39.4863  77 -0.01 
 39  76.7408 -0.01 
 38  76.073 -0.01 
 37.9089  76 -0.01 
 37  75.4401 -0.01 
 36.3948  75 -0.01 
 36  74.7507 -0.01 
 35.0024  74 -0.01 
 35  73.9984 -0.01 
 34  73.2618 -0.01 
 33.7039  73 -0.01 
 33  72.433 -0.01 
 32.5199  72 -0.01 
 32  71.5476 -0.01 
 31.4419  71 -0.01 
 31  70.5908 -0.01 
 30.4294  70 -0.01 
 30  69.5441 -0.01 
 29.5225  69 -0.01 
 29  68.4096 -0.01 
 28.668  68 -0.01 
 28  67.13 -0.01 
 27.903  67 -0.01 
 27.1925  66 -0.01 
 27  65.7063 -0.01 
 26.5476  65 -0.01 
 26  64.0673 -0.01 
 25.9612  64 -0.01 
 25.429  63 -0.01 
 25  62.0736 -0.01 
 24.9642  62 -0.01 
 24.4978  61 -0.01 
 24.1156  60 -0.01 
 24  59.6861 -0.01 
 23.7269  59 -0.01 
 23.3898  58 -0.01 
 23.1158  57 -0.01 
 23  56.51 -0.01 
 22.8659  56 -0.01 
 22.6625  55 -0.01 
 22.5192  54 -0.01 
 22.4115  53 -0.01 
 22.3094  52 -0.01 
 22.2091  51 -0.01 
 22.1624  50 -0.01 
 22.2091  49 -0.01 
 22.3094  48 -0.01 
 22.4115  47 -0.01 
 22.5192  46 -0.01 
 22.6625  45 -0.01 
 22.8659  44 -0.01 
 23  43.49 -0.01 
 23.1158  43 -0.01 
 23.3898  42 -0.01 
 23.7269  41 -0.01 
 24  40.3139 -0.01 
 24.1156  40 -0.01 
 24.4978  39 -0.01 
 24.9642  38 -0.01 
 25  37.9264 -0.01 
 25.429  37 -0.01 
 25.9612  36 -0.01 
 26  35.9327 -0.01 
 26.5476  35 -0.01 
 27  34.2937 -0.01 
 27.1925  34 -0.01 
 27.903  33 -0.01 
 28  32.87 -0.01 
 28.668  32 -0.01 
 29  31.5904 -0.01 

 42.1811  19 -0.01 
 42  18.8483 -0.01 
 41  18.5176 -0.01 
 40  18.4909 -0.01 
 39  18.5114 -0.01 
 38  18.5768 -0.01 
 37  18.7325 -0.01 
 36  18.9387 -0.01 
 35.8229  19 -0.01 
 35  19.2987 -0.01 
 34  19.7098 -0.01 
 33.3974  20 -0.01 
 33  20.1913 -0.01 
 32  20.7017 -0.01 
 31.4951  21 -0.01 
 31  21.2933 -0.01 
 30  21.907 -0.01 
 29.8624  22 -0.01 
 29  22.5798 -0.01 
 28.4296  23 -0.01 
 28  23.3082 -0.01 
 27.1352  24 -0.01 
 27  24.1079 -0.01 
 26  24.9503 -0.01 
 25.9463  25 -0.01 
 25  25.8916 -0.01 
 24.8926  26 -0.01 
 24  26.8876 -0.01 
 23.8974  27 -0.01 
 23.0085  28 -0.01 
 23  28.0094 -0.01 
 22.1718  29 -0.01 
 22  29.2129 -0.01 
 21.3993  30 -0.01 
 21  30.532 -0.01 
 20.6778  31 -0.01 
 20.0249  32 -0.01 
 20  32.0368 -0.01 
 19.394  33 -0.01 
 19  33.668 -0.01 
 18.8137  34 -0.01 
 18.2781  35 -0.01 
 18  35.5254 -0.01 
 17.7689  36 -0.01 
 17.3288  37 -0.01 
 17  37.7454 -0.01 
 16.8936  38 -0.01 
 16.537  39 -0.01 
 16.2181  40 -0.01 
 16  40.7619 -0.01 
 15.9346  41 -0.01 
 15.6913  42 -0.01 
 15.4799  43 -0.01 
 15.2947  44 -0.01 
 15.0998  45 -0.01 
 15  45.4975 -0.01 
 14.9084  46 -0.01 
 14.7957  47 -0.01 
 14.7583  48 -0.01 
 14.774  49 -0.01 
 14.7914  50 -0.01 
 14.774  51 -0.01 
 14.7583  52 -0.01 
 14.7957  53 -0.01 
 14.9084  54 -0.01 
 15  54.5025 -0.01 
 15.0998  55 -0.01 
 15.2947  56 -0.01 
 15.4799  57 -0.01 
 15.6913  58 -0.01 
 15.9346  59 -0.01 
 16  59.2381 -0.01 
 16.2181  60 -0.01 
 16.537  61 -0.01 
 16.8936  62 -0.01 
 17  62.2546 -0.01 
 17.3288  63 -0.01 
 17.7689  64 -0.01 
 18  64.4746 -0.01 
 18.2781  65 -0.01 
 18.8137  66 -0.01 
 19  66.332 -0.01 
 19.394  67 -0.01 
 20  67.9632 -0.01 
 20.0249  68 -0.01 
 20.6778  69 -0.01 
 21  69.468 -0.01 
 21.3993  70 -0.01 
 22  70.7871 -0.01 
 22.1718  71 -0.01 
 23  71.9906 -0.01 
 23.0085  72 -0.01 
 23.8974  73 -0.01 
 24  73.1124 -0.01 
 24.8926  74 -0.01 
 25  74.1084 -0.01 
 25.9463  75 -0.01 
 26  75.0497 -0.01 
 27  75.8921 -0.01 

 42  45.6898 -0.01 
 42.3771  45 -0.01 
 43  44.1279 -0.01 
 43.115  44 -0.01 
 44  43.062 -0.01 
 44.0869  43 -0.01 
 45  42.2498 -0.01 
 45.4619  42 -0.01 
 46  41.5911 -0.01 
 47  41.0679 -0.01 
 47.1648  41 -0.01 
 48  40.2768 -0.01 
 48.3062  40 -0.01 
 48.714  39 -0.01 
 48.7362  38 -0.01 
 48.6699  37 -0.01 
 48.4991  36 -0.01 

 48.4991  36 -0.01 
 48  35.0744 -0.01 
 47.9369  35 -0.01 
 47  34.2424 -0.01 
 46.1132  34 -0.01 
 46  33.9782 -0.01 
 45.2547  34 -0.01 
 45  34.0058 -0.01 
 44  34.1424 -0.01 
 43  34.3808 -0.01 
 42  34.7351 -0.01 
 41.4518  35 -0.01 
 41  35.1923 -0.01 
 40  35.7534 -0.01 
 39.6566  36 -0.01 
 39  36.4444 -0.01 
 38.3203  37 -0.01 
 38  37.255 -0.01 
 37.2204  38 -0.01 
 37  38.2114 -0.01 
 36.2904  39 -0.01 
 36  39.34 -0.01 
 35.5056  40 -0.01 
 35  40.7231 -0.01 
 34.8214  41 -0.01 
 34.2478  42 -0.01 
 34  42.4973 -0.01 
 33.7622  43 -0.01 
 33.3555  44 -0.01 
 33.0285  45 -0.01 
 33  45.101 -0.01 
 32.7442  46 -0.01 
 32.5201  47 -0.01 
 32.3724  48 -0.01 
 32.294  49 -0.01 
 32.2688  50 -0.01 
 32.294  51 -0.01 
 32.3724  52 -0.01 
 32.5201  53 -0.01 
 32.7442  54 -0.01 
 33  54.899 -0.01 
 33.0285  55 -0.01 
 33.3555  56 -0.01 
 33.7622  57 -0.01 
 34  57.5027 -0.01 
 34.2478  58 -0.01 
 34.8214  59 -0.01 
 35  59.2769 -0.01 
 35.5056  60 -0.01 
 36  60.66 -0.01 
 36.2904  61 -0.01 
 37  61.7886 -0.01 
 37.2204  62 -0.01 
 38  62.745 -0.01 
 38.3203  63 -0.01 
 39  63.5556 -0.01 
 39.6566  64 -0.01 
 40  64.2466 -0.01 
 41  64.8077 -0.01 
 41.4518  65 -0.01 
 42  65.2649 -0.01 
 43  65.6192 -0.01 
 44  65.8576 -0.01 
 45  65.9942 -0.01 
 45.2547  66 -0.01 
 46  66.0218 -0.01 
 46.1132  66 -0.01 
 47  65.7576 -0.01 
 47.9369  65 -0.01 
 48  64.9256 -0.01 
 48.4991  64 -0.01 
 48.6699  63 -0.01 
 48.7362  62 -0.01 
 48.714  61 -0.01 
 48.3062  60 -0.01 
 48  59.7232 -0.01 
 47.1648  59 -0.01 
 47  58.9321 -0.01 
 46  58.4089 -0.01 
 45.4619  58 -0.01 
 45  57.7502 -0.01 
 44.0869  57 -0.01 
 44  56.938 -0.01 
 43.115  56 -0.01 
 43  55.8721 -0.01 
 42.3771  55 -0.01 
 42  54.3102 -0.01 
 41.8427  54 -0.01 
 41.4347  53 -0.01 
 41.1761  52 -0.01 
 41.0331  51 -0.01 
 41  50.2964 -0.01 
 40.9825  50 -0.01 
 41  49.7036 -0.01 
 41.0331  49 -0.01 
 41.1761  48 -0.01 
 41.4347  47 -0.01 
 41.8427  46 -0.01 
 42  45.6898 -0.01 

 58.0829  47 -0.01 
 58  46.8085 -0.01 
 57.6414  46 -0.01 
 57.004  45 -0.01 
 57  44.9943 -0.01 
 56.1061  44 -0.01 
 56  43.8876 -0.01 
 55  43.1433 -0.01 
 54.6694  43 -0.01 
 54  42.62 -0.01 
 53  42.3197 -0.01 
 52  42.2696 -0.01 
 51  42.7102 -0.01 
 50.8039  43 -0.01 
 50.3854  44 -0.01 
 50.2165  45 -0.01 
 50.1247  46 -0.01 
 50.0651  47 -0.01 
 50.0309  48 -0.01 
 50.0171  49 -0.01 
 50.0137  50 -0.01 
 50.0171  51 -0.01 
 50.0309  52 -0.01 
 50.0651  53 -0.01 
 50.1247  54 -0.01 
 50.2165  55 -0.01 
 50.3854  56 -0.01 
 50.8039  57 -0.01 
 51  57.2898 -0.01 
 52  57.7304 -0.01 
 53  57.6803 -0.01 
 54  57.38 -0.01 
 54.6694  57 -0.01 
 55  56.8567 -0.01 
 56  56.1124 -0.01 
 56.1061  56 -0.01 
 57  55.0057 -0.01 
 57.004  55 -0.01 
 57.6414  54 -0.01 
 58  53.1915 -0.01 
 58.0829  53 -0.01 
 58.399  52 -0.01 
 58.5674  51 -0.01 
 58.6204  50 -0.01 
 58.5674  49 -0.01 
 58.399  48 -0.01 
 58.0829  47 -0.01 

 62.4076  64 -0.01 
 62  64.4 -0.01 
 61.2841  65 -0.01 
 61  65.2595 -0.01 
 60  65.9803 -0.01 
 59.9681  66 -0.01 
 59  66.7106 -0.01 
 58.5022  67 -0.01 
 58  67.3624 -0.01 
 57  67.9511 -0.01 
 56.9033  68 -0.01 
 56  68.6332 -0.01 
 55.3859  69 -0.01 
 55  69.3674 -0.01 
 54.3188  70 -0.01 
 54  70.5603 -0.01 
 53.7203  71 -0.01 
 53.732  72 -0.01 
 54  72.4173 -0.01 
 54.4442  73 -0.01 
 55  73.4935 -0.01 
 56  73.866 -0.01 
 57  73.9116 -0.01 
 58  73.8525 -0.01 
 59  73.7223 -0.01 
 60  73.5323 -0.01 
 61  73.2385 -0.01 
 61.5784  73 -0.01 
 62  72.8349 -0.01 
 63  72.3673 -0.01 
 63.6619  72 -0.01 
 64  71.8181 -0.01 
 65  71.2179 -0.01 
 65.3151  71 -0.01 
 66  70.5435 -0.01 
 66.7101  70 -0.01 
 67  69.7826 -0.01 
 67.9393  69 -0.01 
 68  68.9497 -0.01 
 69  68.0039 -0.01 
 69.0038  68 -0.01 
 69.9685  67 -0.01 
 70  66.9668 -0.01 
 70.8182  66 -0.01 
 71  65.7815 -0.01 
 71.5968  65 -0.01 
 72  64.4458 -0.01 
 72.3003  64 -0.01 
 72.9375  63 -0.01 
 73  62.9002 -0.01 
 73.5147  62 -0.01 
 74  61.0714 -0.01 
 74.0363  61 -0.01 
 74.5039  60 -0.01 
 74.9118  59 -0.01 
 75  58.7534 -0.01 
 75.2611  58 -0.01 
 75.568  57 -0.01 
 75.8122  56 -0.01 
 76  55.117 -0.01 
 76.0253  55 -0.01 
 76.2341  54 -0.01 
 76.3939  53 -0.01 
 76.4845  52 -0.01 
 76.5224  51 -0.01 
 76.5317  50 -0.01 
 76.5224  49 -0.01 
 76.4845  48 -0.01 
 76.3939  47 -0.01 
 76.2341  46 -0.01 
 76.0253  45 -0.01 

 76.0253  45 -0.01 
 76  44.883 -0.01 
 75.8122  44 -0.01 
 75.568  43 -0.01 
 75.2611  42 -0.01 
 75  41.2466 -0.01 
 74.9118  41 -0.01 
 74.5039  40 -0.01 
 74.0363  39 -0.01 
 74  38.9286 -0.01 
 73.5147  38 -0.01 
 73  37.0998 -0.01 
 72.9375  37 -0.01 
 72.3003  36 -0.01 
 72  35.5542 -0.01 
 71.5968  35 -0.01 
 71  34.2185 -0.01 
 70.8182  34 -0.01 
 70  33.0332 -0.01 
 69.9685  33 -0.01 
 69.0038  32 -0.01 
 69  31.9961 -0.01 
 68  31.0503 -0.01 
 67.9393  31 -0.01 
 67  30.2174 -0.01 
 66.7101  30 -0.01 
 66  29.4565 -0.01 
 65.3151  29 -0.01 
 65  28.7821 -0.01 
 64  28.1819 -0.01 
 63.6619  28 -0.01 
 63  27.6327 -0.01 
 62  27.1651 -0.01 
 61.5784  27 -0.01 
 61  26.7615 -0.01 
 60  26.4677 -0.01 
 59  26.2777 -0.01 
 58  26.1475 -0.01 
 57  26.0884 -0.01 
 56  26.134 -0.01 
 55  26.5065 -0.01 
 54.4442  27 -0.01 
 54  27.5827 -0.01 
 53.732  28 -0.01 
 53.7203  29 -0.01 
 54  29.4397 -0.01 
 54.3188  30 -0.01 
 55  30.6326 -0.01 
 55.3859  31 -0.01 
 56  31.3668 -0.01 
 56.9033  32 -0.01 
 57  32.0489 -0.01 
 58  32.6376 -0.01 
 58.5022  33 -0.01 
 59  33.2894 -0.01 
 59.9681  34 -0.01 
 60  34.0197 -0.01 
 61  34.7405 -0.01 
 61.2841  35 -0.01 
 62  35.6 -0.01 
 62.4076  36 -0.01 
 63  36.5602 -0.01 
 63.3942  37 -0.01 
 64  37.6756 -0.01 
 64.2612  38 -0.01 
 64.9997  39 -0.01 
 65.6803  40 -0.01 
 66  40.5293 -0.01 
 66.2711  41 -0.01 
 66.7738  42 -0.01 
 67  42.5105 -0.01 
 67.2201  43 -0.01 
 67.5877  44 -0.01 
 67.8753  45 -0.01 
 68  45.5327 -0.01 
 68.1185  46 -0.01 
 68.3131  47 -0.01 
 68.4474  48 -0.01 
 68.5441  49 -0.01 
 68.5848  50 -0.01 
 68.5441  51 -0.01 
 68.4474  52 -0.01 
 68.3131  53 -0.01 
 68.1185  54 -0.01 
 68  54.4673 -0.01 
 67.8753  55 -0.01 
 67.5877  56 -0.01 
 67.2201  57 -0.01 
 67  57.4895 -0.01 
 66.7738  58 -0.01 
 66.2711  59 -0.01 
 66  59.4707 -0.01 
 65.6803  60 -0.01 
 65  60.9996 -0.01 
 64.2612  62 -0.01 
 64  62.3244 -0.01 
 63.3942  63 -0.01 
 63  63.4398 -0.01 
 62.4076  64 -0.01 

 66  88.5372 -0.01 
 67  88.3212 -0.01 
 68  88.1068 -0.01 
 68.5894  88 -0.01 
 69  87.9266 -0.01 
 70  87.694 -0.01 
 71  87.3485 -0.01 
 71.992  87 -0.01 
 72  86.9968 -0.01 
 73  86.4501 -0.01 
 73.9116  86 -0.01 
 74  85.9509 -0.01 
 75  85.3033 -0.01 
 75.4702  85 -0.01 
 76  84.6327 -0.01 
 76.9227  84 -0.01 
 77  83.9453 -0.01 
 78  83.1694 -0.01 
 78.2034  83 -0.01 
 79  82.3295 -0.01 
 79.3784  82 -0.01 
 80  81.4513 -0.01 
 80.4834  81 -0.01 
 81  80.5191 -0.01 
 81.5195  80 -0.01 
 82  79.5221 -0.01 
 82.4933  79 -0.01 
 83  78.4698 -0.01 
 83.4087  78 -0.01 
 84  77.3353 -0.01 
 84.2781  77 -0.01 
 85  76.1386 -0.01 
 85.1064  76 -0.01 
 85.8668  75 -0.01 
 86  74.8307 -0.01 
 86.568  74 -0.01 
 87  73.4033 -0.01 
 87.2643  73 -0.01 
 87.9231  72 -0.01 
 88  71.8823 -0.01 
 88.4934  71 -0.01 
 89  70.1723 -0.01 
 89.0922  70 -0.01 
 89.5806  69 -0.01 
 90  68.1942 -0.01 
 90.0885  68 -0.01 
 90.508  67 -0.01 
 90.9377  66 -0.01 
 91  65.8299 -0.01 
 91.2692  65 -0.01 
 91.6034  64 -0.01 
 91.9129  63 -0.01 
 92  62.6624 -0.01 
 92.1621  62 -0.01 
 92.4293  61 -0.01 
 92.6836  60 -0.01 
 92.9207  59 -0.01 
 93  58.6403 -0.01 
 93.1395  58 -0.01 
 93.3428  57 -0.01 
 93.5308  56 -0.01 
 93.7021  55 -0.01 
 93.8228  54 -0.01 
 93.8461  53 -0.01 
 93.79  52 -0.01 
 93.7233  51 -0.01 
 93.697  50 -0.01 
 93.7233  49 -0.01 
 93.79  48 -0.01 
 93.8461  47 -0.01 
 93.8228  46 -0.01 
 93.7021  45 -0.01 
 93.5308  44 -0.01 
 93.3428  43 -0.01 
 93.1395  42 -0.01 

 80  28.2391 -0.01 
 80.5276  29 -0.01 
 81  29.7284 -0.01 
 81.1763  30 -0.01 
 81.7832  31 -0.01 
 82  31.391 -0.01 
 82.3319  32 -0.01 
 82.8463  33 -0.01 
 83  33.3259 -0.01 
 83.3182  34 -0.01 
 83.7368  35 -0.01 
 84  35.6974 -0.01 
 84.1253  36 -0.01 
 84.5198  37 -0.01 
 84.8462  38 -0.01 
 85  38.4751 -0.01 
 85.1959  39 -0.01 
 85.5275  40 -0.01 
 85.7993  41 -0.01 
 86  41.806 -0.01 
 86.0552  42 -0.01 
 86.29  43 -0.01 
 86.4723  44 -0.01 
 86.5891  45 -0.01 
 86.6666  46 -0.01 
 86.7516  47 -0.01 
 86.867  48 -0.01 
 86.9829  49 -0.01 
 87  49.3349 -0.01 
 87.0299  50 -0.01 
 87  50.6651 -0.01 
 86.9829  51 -0.01 
 86.867  52 -0.01 
 86.7516  53 -0.01 
 86.6666  54 -0.01 
 86.5891  55 -0.01 
 86.4723  56 -0.01 
 86.29  57 -0.01 
 86.0552  58 -0.01 
 86  58.194 -0.01 
 85.7993  59 -0.01 
 85.5275  60 -0.01 
 85.1959  61 -0.01 
 85  61.5249 -0.01 
 84.8462  62 -0.01 
 84.5198  63 -0.01 
 84.1253  64 -0.01 
 84  64.3026 -0.01 
 83.7368  65 -0.01 
 83.3182  66 -0.01 
 83  66.6741 -0.01 
 82.8463  67 -0.01 
 82.3319  68 -0.01 
 82  68.609 -0.01 
 81.7832  69 -0.01 
 81.1763  70 -0.01 
 81  70.2716 -0.01 
 80.5276  71 -0.01 
 80  71.7609 -0.01 
 79.827  72 -0.01 
 79.0839  73 -0.01 
 79  73.1098 -0.01 
 78.2951  74 -0.01 
 78  74.3555 -0.01 
 77.4454  75 -0.01 
 77  75.5132 -0.01 
 76.5486  76 -0.01 
 76  76.5891 -0.01 
 75.5942  77 -0.01 
 75  77.606 -0.01 
 74.579  78 -0.01 
 74  78.5604 -0.01 
 73.507  79 -0.01 
 73  79.4689 -0.01 
 72.3631  80 -0.01 
 72  80.3257 -0.01 
 71.1535  81 -0.01 
 71  81.134 -0.01 
 70  81.9064 -0.01 
 69.865  82 -0.01 
 69  82.6745 -0.01 
 68.5272  83 -0.01 
 68  83.4044 -0.01 
 67.1265  84 -0.01 
 67  84.1085 -0.01 
 66  84.8157 -0.01 
 65.6979  85 -0.01 
 65  85.5539 -0.01 
 64.3719  86 -0.01 
 64  86.3373 -0.01 
 63.1478  87 -0.01 
 63  87.2122 -0.01 
 62.3205  88 -0.01 
 62.4664  89 -0.01 
 63  89.0652 -0.01 
 63.5942  89 -0.01 
 64  88.9414 -0.01 
 65  88.7439 -0.01 
 66  88.5372 -0.01 

 93.1395  42 -0.01 
 93  41.3597 -0.01 
 92.9207  41 -0.01 
 92.6836  40 -0.01 
 92.4293  39 -0.01 
 92.1621  38 -0.01 
 92  37.3376 -0.01 
 91.9129  37 -0.01 
 91.6034  36 -0.01 
 91.2692  35 -0.01 
 91  34.1701 -0.01 
 90.9377  34 -0.01 
 90.508  33 -0.01 
 90.0885  32 -0.01 
 90  31.8058 -0.01 
 89.5806  31 -0.01 
 89.0922  30 -0.01 
 89  29.8277 -0.01 
 88.4934  29 -0.01 
 88  28.1177 -0.01 
 87.9231  28 -0.01 
 87.2643  27 -0.01 
 87  26.5967 -0.01 
 86.568  26 -0.01 
 86  25.1693 -0.01 
 85.8668  25 -0.01 
 85.1064  24 -0.01 
 85  23.8614 -0.01 
 84.2781  23 -0.01 
 84  22.6647 -0.01 
 83.4087  22 -0.01 
 83  21.5302 -0.01 
 82.4933  21 -0.01 
 82  20.4779 -0.01 
 81.5195  20 -0.01 
 81  19.4809 -0.01 
 80.4834  19 -0.01 
 80  18.5487 -0.01 
 79.3784  18 -0.01 
 79  17.6705 -0.01 
 78.2034  17 -0.01 
 78  16.8306 -0.01 
 77  16.0547 -0.01 
 76.9227  16 -0.01 
 76  15.3673 -0.01 
 75.4702  15 -0.01 
 75  14.6967 -0.01 
 74  14.0491 -0.01 
 73.9116  14 -0.01 
 73  13.5499 -0.01 
 72  13.0032 -0.01 
 71.992  13 -0.01 
 71  12.6515 -0.01 
 70  12.306 -0.01 
 69  12.0734 -0.01 
 68.5894  12 -0.01 
 68  11.8932 -0.01 
 67  11.6788 -0.01 
 66  11.4628 -0.01 
 65  11.2561 -0.01 
 64  11.0586 -0.01 
 63.5942  11 -0.01 
 63  10.9348 -0.01 
 62.4664  11 -0.01 
 62.3205  12 -0.01 
 63  12.7878 -0.01 
 63.1478  13 -0.01 
 64  13.6627 -0.01 
 64.3719  14 -0.01 
 65  14.4461 -0.01 
 65.6979  15 -0.01 
 66  15.1843 -0.01 
 67  15.8915 -0.01 
 67.1265  16 -0.01 
 68  16.5956 -0.01 
 68.5272  17 -0.01 
 69  17.3255 -0.01 
 69.865  18 -0.01 
 70  18.0936 -0.01 
 71  18.866 -0.01 
 71.1535  19 -0.01 
 72  19.6743 -0.01 
 72.3631  20 -0.01 
 73  20.5311 -0.01 
 73.507  21 -0.01 
 74  21.4396 -0.01 
 74.579  22 -0.01 
 75  22.394 -0.01 
 75.5942  23 -0.01 
 76  23.4109 -0.01 
 76.5486  24 -0.01 
 77  24.4868 -0.01 
 77.4454  25 -0.01 
 78  25.6445 -0.01 
 78.2951  26 -0.01 
 79  26.8902 -0.01 
 79.0839  27 -0.01 
 79.827  28 -0.01 
 80  28.2391 -0.01 

 5  60.2723 -0.01 
 5.19587  61 -0.01 
 5.47591  62 -0.01 
 5.80013  63 -0.01 
 6  63.4993 -0.01 
 6.17847  64 -0.01 
 6.53824  65 -0.01 
 6.95626  66 -0.01 
 7  66.0899 -0.01 
 7.38041  67 -0.01 
 7.83732  68 -0.01 
 8  68.3095 -0.01 
 8.31507  69 -0.01 
 8.82312  70 -0.01 
 9  70.2998 -0.01 
 9.35155  71 -0.01 
 9.92929  72 -0.01 
 10  72.1112 -0.01 
 10.4857  73 -0.01 
 11  73.7871 -0.01 
 11.1287  74 -0.01 
 11.7547  75 -0.01 
 12  75.3421 -0.01 
 12.4223  76 -0.01 
 13  76.7817 -0.01 
 13.1545  77 -0.01 
 13.9052  78 -0.01 
 14  78.1203 -0.01 
 14.6436  79 -0.01 
 15  79.4311 -0.01 
 15.4572  80 -0.01 
 16  80.6391 -0.01 
 16.314  81 -0.01 
 17  81.7519 -0.01 
 17.2302  82 -0.01 
 18  82.8333 -0.01 
 18.1673  83 -0.01 
 19  83.8453 -0.01 
 19.1638  84 -0.01 
 20  84.8331 -0.01 
 20.1898  85 -0.01 
 21  85.7868 -0.01 
 21.2582  86 -0.01 
 22  86.6956 -0.01 
 22.3922  87 -0.01 
 23  87.594 -0.01 
 23.5631  88 -0.01 
 24  88.4344 -0.01 
 24.8479  89 -0.01 
 25  89.1891 -0.01 
 26  89.9256 -0.01 
 26.1227  90 -0.01 
 27  90.8571 -0.01 
 27.2523  91 -0.01 
 27  91.2874 -0.01 
 26  91.1344 -0.01 
 25.6581  91 -0.01 
 25  90.6141 -0.01 
 24  90.151 -0.01 
 23.7179  90 -0.01 
 23  89.5471 -0.01 
 22  89.0084 -0.01 
 21.9868  89 -0.01 
 21  88.3326 -0.01 
 20.4978  88 -0.01 
 20  87.6393 -0.01 
 19.0767  87 -0.01 
 19  86.9435 -0.01 
 18  86.188 -0.01 
 17.7673  86 -0.01 
 17  85.3646 -0.01 
 16.569  85 -0.01 
 16  84.5185 -0.01 
 15.4297  84 -0.01 
 15  83.6139 -0.01 
 14.3455  83 -0.01 
 14  82.6729 -0.01 
 13.345  82 -0.01 
 13  81.6594 -0.01 
 12.3788  81 -0.01 
 12  80.5946 -0.01 
 11.4844  80 -0.01 
 11  79.4525 -0.01 
 10.6304  79 -0.01 
 10  78.2247 -0.01 
 9.82297  78 -0.01 
 9.06662  77 -0.01 
 9  76.9149 -0.01 
 8.35528  76 -0.01 
 8  75.4964 -0.01 
 7.66187  75 -0.01 
 7.01561  74 -0.01 
 7  73.9763 -0.01 
 6.39946  73 -0.01 
 6  72.3377 -0.01 
 5.80355  72 -0.01 
 5.27101  71 -0.01 
 5  70.4892 -0.01 

 5  29.5108 -0.01 
 5.27101  29 -0.01 
 5.80355  28 -0.01 
 6  27.6623 -0.01 
 6.39946  27 -0.01 
 7  26.0237 -0.01 
 7.01561  26 -0.01 
 7.66187  25 -0.01 
 8  24.5036 -0.01 
 8.35528  24 -0.01 
 9  23.0851 -0.01 
 9.06662  23 -0.01 
 9.82297  22 -0.01 
 10  21.7753 -0.01 
 10.6304  21 -0.01 
 11  20.5475 -0.01 
 11.4844  20 -0.01 
 12  19.4054 -0.01 
 12.3788  19 -0.01 
 13  18.3406 -0.01 
 13.345  18 -0.01 
 14  17.3271 -0.01 
 14.3455  17 -0.01 
 15  16.3861 -0.01 
 15.4297  16 -0.01 
 16  15.4815 -0.01 
 16.569  15 -0.01 
 17  14.6354 -0.01 
 17.7673  14 -0.01 
 18  13.812 -0.01 
 19  13.0565 -0.01 
 19.0767  13 -0.01 
 20  12.3607 -0.01 
 20.4978  12 -0.01 
 21  11.6674 -0.01 
 21.9868  11 -0.01 
 22  10.9916 -0.01 
 23  10.4529 -0.01 
 23.7179  10 -0.01 
 24  9.84901 -0.01 
 25  9.3859 -0.01 
 25.6581  9 -0.01 
 26  8.86559 -0.01 
 27  8.71256 -0.01 
 27.2523  9 -0.01 
 27  9.14295 -0.01 
 26.1227  10 -0.01 
 26  10.0744 -0.01 
 25  10.8109 -0.01 
 24.8479  11 -0.01 
 24  11.5656 -0.01 
 23.5631  12 -0.01 
 23  12.406 -0.01 
 22.3922  13 -0.01 
 22  13.3044 -0.01 
 21.2582  14 -0.01 
 21  14.2132 -0.01 
 20.1898  15 -0.01 
 20  15.1669 -0.01 
 19.1638  16 -0.01 
 19  16.1547 -0.01 
 18.1673  17 -0.01 
 18  17.1667 -0.01 
 17.2302  18 -0.01 
 17  18.2481 -0.01 
 16.314  19 -0.01 
 16  19.3609 -0.01 
 15.4572  20 -0.01 
 15  20.5689 -0.01 
 14.6436  21 -0.01 
 14  21.8797 -0.01 
 13.9052  22 -0.01 
 13.1545  23 -0.01 
 13  23.2183 -0.01 
 12.4223  24 -0.01 
 12  24.6579 -0.01 
 11.7547  25 -0.01 
 11.1287  26 -0.01 
 11  26.2129 -0.01 
 10.4857  27 -0.01 
 10  27.8888 -0.01 
 9.92929  28 -0.01 
 9.35155  29 -0.01 
 9  29.7002 -0.01 
 8.82312  30 -0.01 
 8.31507  31 -0.01 
 8  31.6905 -0.01 
 7.83732  32 -0.01 
 7.38041  33 -0.01 
 7  33.9101 -0.01 
 6.95626  34 -0.01 
 6.53824  35 -0.01 
 6.17847  36 -0.01 
 6  36.5007 -0.01 
 5.80013  37 -0.01 
 5.47591  38 -0.01 
 5.19587  39 -0.01 
 5  39.7277 -0.01 


# Contour 6, label:    -0.03
 21.9817  41 -0.03 
 22  40.9366 -0.03 
 22.2056  40 -0.03 
 22.5219  39 -0.03 
 22.9363  38 -0.03 
 23  37.8627 -0.03 
 23.3188  37 -0.03 
 23.7854  36 -0.03 
 24  35.6015 -0.03 
 24.2578  35 -0.03 
 24.7308  34 -0.03 
 25  33.5214 -0.03 
 25.2455  33 -0.03 
 25.6795  32 -0.03 
 26  31.2847 -0.03 
 26.1147  31 -0.03 
 26.1818  30 -0.03 

 26.1818  30 -0.03 
 26  29.7504 -0.03 
 25  29.9954 -0.03 
 24.995  30 -0.03 
 24  30.8201 -0.03 
 23.8413  31 -0.03 
 23  31.8448 -0.03 
 22.8797  32 -0.03 
 22.0244  33 -0.03 
 22  33.0262 -0.03 
 21.3944  34 -0.03 
 21  34.5144 -0.03 
 20.7276  35 -0.03 
 20.1467  36 -0.03 
 20  36.2405 -0.03 
 19.6404  37 -0.03 
 19.1323  38 -0.03 
 19  38.2628 -0.03 
 18.7195  39 -0.03 
 18.3092  40 -0.03 
 18  40.6971 -0.03 
 17.8989  41 -0.03 
 17.6044  42 -0.03 
 17.3189  43 -0.03 
 17.0076  44 -0.03 
 17  44.0369 -0.03 
 16.8701  45 -0.03 
 16.7913  46 -0.03 
 16.6977  47 -0.03 
 16.5713  48 -0.03 
 16.4661  49 -0.03 
 16.429  50 -0.03 
 16.4661  51 -0.03 
 16.5713  52 -0.03 
 16.6977  53 -0.03 
 16.7913  54 -0.03 
 16.8701  55 -0.03 
 17  55.9631 -0.03 
 17.0076  56 -0.03 
 17.3189  57 -0.03 
 17.6044  58 -0.03 
 17.8989  59 -0.03 
 18  59.3029 -0.03 
 18.3092  60 -0.03 
 18.7195  61 -0.03 
 19  61.7372 -0.03 
 19.1323  62 -0.03 
 19.6404  63 -0.03 
 20  63.7595 -0.03 
 20.1467  64 -0.03 
 20.7276  65 -0.03 
 21  65.4856 -0.03 
 21.3944  66 -0.03 
 22  66.9738 -0.03 
 22.0244  67 -0.03 
 22.8797  68 -0.03 
 23  68.1552 -0.03 
 23.8413  69 -0.03 
 24  69.1799 -0.03 
 24.995  70 -0.03 
 25  70.0046 -0.03 
 26  70.2496 -0.03 
 26.1818  70 -0.03 
 26.1147  69 -0.03 
 26  68.7153 -0.03 
 25.6795  68 -0.03 
 25.2455  67 -0.03 
 25  66.4786 -0.03 
 24.7308  66 -0.03 
 24.2578  65 -0.03 
 24  64.3985 -0.03 
 23.7854  64 -0.03 
 23.3188  63 -0.03 
 23  62.1373 -0.03 
 22.9363  62 -0.03 
 22.5219  61 -0.03 
 22.2056  60 -0.03 
 22  59.0634 -0.03 
 21.9817  59 -0.03 
 21.7086  58 -0.03 
 21.4598  57 -0.03 
 21.2697  56 -0.03 
 21.1078  55 -0.03 
 21  54.3005 -0.03 
 20.9324  54 -0.03 
 20.7864  53 -0.03 
 20.734  52 -0.03 
 20.7533  51 -0.03 
 20.7736  50 -0.03 
 20.7533  49 -0.03 
 20.734  48 -0.03 
 20.7864  47 -0.03 
 20.9324  46 -0.03 
 21  45.6995 -0.03 
 21.1078  45 -0.03 
 21.2697  44 -0.03 
 21.4598  43 -0.03 
 21.7086  42 -0.03 
 21.9817  41 -0.03 

 46.2191  38 -0.03 
 46  37.4968 -0.03 
 45.6551  37 -0.03 
 45  36.5396 -0.03 
 44  36.233 -0.03 
 43  36.2535 -0.03 
 42  36.468 -0.03 
 41  36.8244 -0.03 
 40.6508  37 -0.03 
 40  37.3118 -0.03 
 39  37.9424 -0.03 
 38.9275  38 -0.03 
 38  38.7334 -0.03 
 37.722  39 -0.03 
 37  39.7045 -0.03 
 36.7466  40 -0.03 
 36  40.9224 -0.03 
 35.9451  41 -0.03 
 35.2853  42 -0.03 
 35  42.4786 -0.03 
 34.7256  43 -0.03 
 34.2634  44 -0.03 
 34  44.6469 -0.03 
 33.8674  45 -0.03 
 33.5641  46 -0.03 
 33.3252  47 -0.03 
 33.1548  48 -0.03 
 33.0798  49 -0.03 
 33.0663  50 -0.03 
 33.0798  51 -0.03 
 33.1548  52 -0.03 
 33.3252  53 -0.03 
 33.5641  54 -0.03 
 33.8674  55 -0.03 
 34  55.3531 -0.03 
 34.2634  56 -0.03 
 34.7256  57 -0.03 
 35  57.5214 -0.03 
 35.2853  58 -0.03 
 35.9451  59 -0.03 
 36  59.0776 -0.03 
 36.7466  60 -0.03 
 37  60.2955 -0.03 
 37.722  61 -0.03 
 38  61.2666 -0.03 
 38.9275  62 -0.03 
 39  62.0576 -0.03 
 40  62.6882 -0.03 
 40.6508  63 -0.03 
 41  63.1756 -0.03 
 42  63.532 -0.03 
 43  63.7465 -0.03 
 44  63.767 -0.03 
 45  63.4604 -0.03 
 45.6551  63 -0.03 
 46  62.5032 -0.03 
 46.2191  62 -0.03 
 46.193  61 -0.03 
 46  60.5787 -0.03 
 45.7589  60 -0.03 
 45  59.1201 -0.03 
 44.9184  59 -0.03 
 44  58.0576 -0.03 
 43.9561  58 -0.03 
 43.0642  57 -0.03 
 43  56.9307 -0.03 
 42.3197  56 -0.03 
 42  55.4937 -0.03 
 41.7235  55 -0.03 
 41.2686  54 -0.03 
 41  53.1746 -0.03 
 40.9393  53 -0.03 
 40.6842  52 -0.03 
 40.5347  51 -0.03 
 40.482  50 -0.03 
 40.5347  49 -0.03 
 40.6842  48 -0.03 
 40.9393  47 -0.03 
 41  46.8254 -0.03 
 41.2686  46 -0.03 
 41.7235  45 -0.03 
 42  44.5063 -0.03 
 42.3197  44 -0.03 
 43  43.0693 -0.03 
 43.0642  43 -0.03 
 43.9561  42 -0.03 
 44  41.9424 -0.03 
 44.9184  41 -0.03 
 45  40.8799 -0.03 
 45.7589  40 -0.03 
 46  39.4213 -0.03 
 46.193  39 -0.03 
 46.2191  38 -0.03 

 58.1679  49 -0.03 
 58  48.1266 -0.03 
 57.9776  48 -0.03 
 57.6547  47 -0.03 
 57.1474  46 -0.03 
 57  45.7691 -0.03 
 56.3989  45 -0.03 
 56  44.5671 -0.03 
 55.2279  44 -0.03 
 55  43.8259 -0.03 
 54  43.3676 -0.03 
 53  43.1952 -0.03 
 52  43.3526 -0.03 
 51.2104  44 -0.03 
 51  44.2001 -0.03 
 50.6494  45 -0.03 
 50.374  46 -0.03 
 50.1953  47 -0.03 
 50.0928  48 -0.03 
 50.0513  49 -0.03 
 50.0412  50 -0.03 
 50.0513  51 -0.03 
 50.0928  52 -0.03 
 50.1953  53 -0.03 
 50.374  54 -0.03 
 50.6494  55 -0.03 
 51  55.7999 -0.03 
 51.2104  56 -0.03 
 52  56.6474 -0.03 
 53  56.8048 -0.03 
 54  56.6324 -0.03 
 55  56.1741 -0.03 
 55.2279  56 -0.03 
 56  55.4329 -0.03 
 56.3989  55 -0.03 
 57  54.2309 -0.03 
 57.1474  54 -0.03 
 57.6547  53 -0.03 
 57.9776  52 -0.03 
 58  51.8734 -0.03 
 58.1679  51 -0.03 
 58.2272  50 -0.03 
 58.1679  49 -0.03 

 70  64.5574 -0.03 
 70.4485  64 -0.03 
 71  63.3251 -0.03 
 71.2233  63 -0.03 
 71.8951  62 -0.03 
 72  61.8443 -0.03 
 72.4695  61 -0.03 
 73  60.0018 -0.03 
 73.0008  60 -0.03 
 73.4468  59 -0.03 
 73.8533  58 -0.03 
 74  57.6144 -0.03 
 74.2057  57 -0.03 
 74.5196  56 -0.03 
 74.7903  55 -0.03 
 75  54.0619 -0.03 
 75.0121  54 -0.03 
 75.1504  53 -0.03 
 75.2541  52 -0.03 
 75.3076  51 -0.03 
 75.3203  50 -0.03 
 75.3076  49 -0.03 
 75.2541  48 -0.03 
 75.1504  47 -0.03 
 75.0121  46 -0.03 

 75.0121  46 -0.03 
 75  45.9381 -0.03 
 74.7903  45 -0.03 
 74.5196  44 -0.03 
 74.2057  43 -0.03 
 74  42.3856 -0.03 
 73.8533  42 -0.03 
 73.4468  41 -0.03 
 73.0008  40 -0.03 
 73  39.9982 -0.03 
 72.4695  39 -0.03 
 72  38.1557 -0.03 
 71.8951  38 -0.03 
 71.2233  37 -0.03 
 71  36.6749 -0.03 
 70.4485  36 -0.03 
 70  35.4426 -0.03 
 69.5851  35 -0.03 
 69  34.3695 -0.03 
 68.5926  34 -0.03 
 68  33.4534 -0.03 
 67.4234  33 -0.03 
 67  32.668 -0.03 
 66.0249  32 -0.03 
 66  31.983 -0.03 
 65  31.495 -0.03 
 64  31.1024 -0.03 
 63.5891  31 -0.03 
 63  30.8689 -0.03 
 62  30.8971 -0.03 
 61.7827  31 -0.03 
 61.6788  32 -0.03 
 62  32.4813 -0.03 
 62.2912  33 -0.03 
 62.9986  34 -0.03 
 63  34.0015 -0.03 
 63.8069  35 -0.03 
 64  35.2287 -0.03 
 64.5624  36 -0.03 
 65  36.5944 -0.03 
 65.2827  37 -0.03 
 65.9133  38 -0.03 
 66  38.1415 -0.03 
 66.5276  39 -0.03 
 67  39.9373 -0.03 
 67.0322  40 -0.03 
 67.5275  41 -0.03 
 67.9246  42 -0.03 
 68  42.2036 -0.03 
 68.3232  43 -0.03 
 68.6485  44 -0.03 
 68.9117  45 -0.03 
 69  45.4506 -0.03 
 69.1279  46 -0.03 
 69.2863  47 -0.03 
 69.4112  48 -0.03 
 69.4975  49 -0.03 
 69.5268  50 -0.03 
 69.4975  51 -0.03 
 69.4112  52 -0.03 
 69.2863  53 -0.03 
 69.1279  54 -0.03 
 69  54.5494 -0.03 
 68.9117  55 -0.03 
 68.6485  56 -0.03 
 68.3232  57 -0.03 
 68  57.7964 -0.03 
 67.9246  58 -0.03 
 67.5275  59 -0.03 
 67.0322  60 -0.03 
 67  60.0627 -0.03 
 66.5276  61 -0.03 
 66  61.8585 -0.03 
 65.9133  62 -0.03 
 65.2827  63 -0.03 
 65  63.4056 -0.03 
 64.5624  64 -0.03 
 64  64.7713 -0.03 
 63.8069  65 -0.03 
 63  65.9985 -0.03 
 62.9986  66 -0.03 
 62.2912  67 -0.03 
 62  67.5187 -0.03 
 61.6788  68 -0.03 
 61.7827  69 -0.03 
 62  69.1029 -0.03 
 63  69.1311 -0.03 
 63.5891  69 -0.03 
 64  68.8976 -0.03 
 65  68.505 -0.03 
 66  68.017 -0.03 
 66.0249  68 -0.03 
 67  67.332 -0.03 
 67.4234  67 -0.03 
 68  66.5466 -0.03 
 68.5926  66 -0.03 
 69  65.6305 -0.03 
 69.5851  65 -0.03 
 70  64.5574 -0.03 

 88.4516  63 -0.03 
 88  62.3526 -0.03 
 87.8625  63 -0.03 
 87.8019  64 -0.03 
 88  64.2376 -0.03 
 88.0986  64 -0.03 
 88.4516  63 -0.03 

 91.0677  46 -0.03 
 91  45.4901 -0.03 
 90.8343  45 -0.03 
 90.4272  44 -0.03 
 90.0804  43 -0.03 
 90  42.1283 -0.03 
 89.9452  42 -0.03 
 90  41.8501 -0.03 
 90.0362  41 -0.03 
 90  40.5141 -0.03 
 89.5335  40 -0.03 
 89.2939  39 -0.03 
 89.1268  38 -0.03 
 89  37.5339 -0.03 
 88.4516  37 -0.03 
 88.0986  36 -0.03 
 88  35.7624 -0.03 
 87.8019  36 -0.03 
 87.8625  37 -0.03 
 88  37.6474 -0.03 
 88.3394  38 -0.03 
 88.6984  39 -0.03 
 88.9264  40 -0.03 
 88.9657  41 -0.03 
 88.876  42 -0.03 
 88.8252  43 -0.03 
 88.8801  44 -0.03 
 89  44.9686 -0.03 
 89.0119  45 -0.03 
 89.2546  46 -0.03 
 89.3998  47 -0.03 
 89.5629  48 -0.03 
 90  48.7764 -0.03 
 90.1738  49 -0.03 
 90.3829  50 -0.03 
 90.1738  51 -0.03 
 90  51.2236 -0.03 
 89.5629  52 -0.03 
 89.3998  53 -0.03 
 89.2546  54 -0.03 
 89.0119  55 -0.03 
 89  55.0314 -0.03 
 88.8801  56 -0.03 
 88.8252  57 -0.03 
 88.876  58 -0.03 
 88.9657  59 -0.03 
 88.9264  60 -0.03 
 88.6984  61 -0.03 
 88.3394  62 -0.03 
 89  62.4661 -0.03 
 89.1268  62 -0.03 
 89.2939  61 -0.03 
 89.5335  60 -0.03 
 90  59.4859 -0.03 
 90.0362  59 -0.03 
 90  58.1499 -0.03 
 89.9452  58 -0.03 
 90  57.8717 -0.03 
 90.0804  57 -0.03 
 90.4272  56 -0.03 
 90.8343  55 -0.03 
 91  54.5099 -0.03 
 91.0677  54 -0.03 
 91.2068  53 -0.03 
 91.3634  52 -0.03 
 91.6685  51 -0.03 
 91.9922  50 -0.03 
 91.6685  49 -0.03 
 91.3634  48 -0.03 
 91.2068  47 -0.03 
 91.0677  46 -0.03 


# Contour 7, label:    -0.05
 43.4097  39 -0.05 
 43  38.6308 -0.05 
 42  38.3395 -0.05 
 41  38.4805 -0.05 
 40  38.8624 -0.05 
 39.7716  39 -0.05 
 39  39.4628 -0.05 
 38.3152  40 -0.05 
 38  40.2484 -0.05 
 37.2502  41 -0.05 
 37  41.2579 -0.05 
 36.4277  42 -0.05 
 36  42.5832 -0.05 
 35.7441  43 -0.05 
 35.1995  44 -0.05 
 35  44.408 -0.05 
 34.7529  45 -0.05 
 34.4138  46 -0.05 
 34.1569  47 -0.05 
 34  47.8114 -0.05 
 33.9673  48 -0.05 
 33.8572  49 -0.05 
 33.8228  50 -0.05 
 33.8572  51 -0.05 
 33.9673  52 -0.05 
 34  52.1886 -0.05 
 34.1569  53 -0.05 
 34.4138  54 -0.05 
 34.7529  55 -0.05 
 35  55.592 -0.05 
 35.1995  56 -0.05 
 35.7441  57 -0.05 
 36  57.4168 -0.05 
 36.4277  58 -0.05 
 37  58.7421 -0.05 
 37.2502  59 -0.05 
 38  59.7516 -0.05 
 38.3152  60 -0.05 
 39  60.5372 -0.05 
 39.7716  61 -0.05 
 40  61.1376 -0.05 
 41  61.5195 -0.05 
 42  61.6605 -0.05 
 43  61.3692 -0.05 
 43.4097  61 -0.05 
 43.5845  60 -0.05 
 43.2225  59 -0.05 
 43  58.6768 -0.05 
 42.6225  58 -0.05 
 42.0399  57 -0.05 
 42  56.939 -0.05 
 41.4547  56 -0.05 
 41.0158  55 -0.05 
 41  54.9596 -0.05 
 40.6061  54 -0.05 
 40.3257  53 -0.05 
 40.1448  52 -0.05 
 40.0274  51 -0.05 
 40  50.4063 -0.05 
 39.975  50 -0.05 
 40  49.5937 -0.05 
 40.0274  49 -0.05 
 40.1448  48 -0.05 
 40.3257  47 -0.05 
 40.6061  46 -0.05 
 41  45.0404 -0.05 
 41.0158  45 -0.05 
 41.4547  44 -0.05 
 42  43.061 -0.05 
 42.0399  43 -0.05 
 42.6225  42 -0.05 
 43  41.3232 -0.05 
 43.2225  41 -0.05 
 43.5845  40 -0.05 
 43.4097  39 -0.05 

 57.2377  47 -0.05 
 57  46.5518 -0.05 
 56.6661  46 -0.05 
 56  45.1957 -0.05 
 55.7669  45 -0.05 
 55  44.3992 -0.05 
 54  44.0052 -0.05 
 53.942  44 -0.05 
 53  43.879 -0.05 
 52.575  44 -0.05 
 52  44.137 -0.05 
 51.112  45 -0.05 
 51  45.1119 -0.05 
 50.6233  46 -0.05 
 50.3255  47 -0.05 
 50.1546  48 -0.05 
 50.0855  49 -0.05 
 50.0686  50 -0.05 
 50.0855  51 -0.05 
 50.1546  52 -0.05 
 50.3255  53 -0.05 
 50.6233  54 -0.05 
 51  54.8881 -0.05 
 51.112  55 -0.05 
 52  55.863 -0.05 
 52.575  56 -0.05 
 53  56.121 -0.05 
 53.942  56 -0.05 
 54  55.9948 -0.05 
 55  55.6008 -0.05 
 55.7669  55 -0.05 
 56  54.8043 -0.05 
 56.6661  54 -0.05 
 57  53.4482 -0.05 
 57.2377  53 -0.05 
 57.6097  52 -0.05 
 57.8058  51 -0.05 
 57.8635  50 -0.05 
 57.8058  49 -0.05 
 57.6097  48 -0.05 
 57.2377  47 -0.05 

 73.0656  45 -0.05 
 73  44.7164 -0.05 
 72.7224  44 -0.05 
 72.3398  43 -0.05 
 72  42.1363 -0.05 
 71.8881  42 -0.05 
 71.2407  41 -0.05 
 71  40.5686 -0.05 
 70.2807  40 -0.05 
 70  39.6725 -0.05 
 69.7149  40 -0.05 
 69.7296  41 -0.05 
 69.8766  42 -0.05 
 70  42.8792 -0.05 
 70.0324  43 -0.05 
 70.2662  44 -0.05 
 70.4483  45 -0.05 
 70.611  46 -0.05 
 70.7533  47 -0.05 
 70.8224  48 -0.05 
 70.8135  49 -0.05 
 70.7962  50 -0.05 
 70.8135  51 -0.05 
 70.8224  52 -0.05 
 70.7533  53 -0.05 
 70.611  54 -0.05 
 70.4483  55 -0.05 
 70.2662  56 -0.05 
 70.0324  57 -0.05 
 70  57.1208 -0.05 
 69.8766  58 -0.05 
 69.7296  59 -0.05 
 69.7149  60 -0.05 
 70  60.3275 -0.05 
 70.2807  60 -0.05 
 71  59.4314 -0.05 
 71.2407  59 -0.05 
 71.8881  58 -0.05 
 72  57.8637 -0.05 
 72.3398  57 -0.05 
 72.7224  56 -0.05 
 73  55.2836 -0.05 
 73.0656  55 -0.05 
 73.2865  54 -0.05 
 73.4731  53 -0.05 
 73.62  52 -0.05 
 73.776  51 -0.05 
 73.8753  50 -0.05 
 73.776  49 -0.05 
 73.62  48 -0.05 
 73.4731  47 -0.05 
 73.2865  46 -0.05 
 73.0656  45 -0.05 


# Contour 8, label:    -0.07
 40.23  41 -0.07 
 40  40.9354 -0.07 
 39.8174  41 -0.07 
 39  41.2806 -0.07 
 38  41.9419 -0.07 
 37.9439  42 -0.07 
 37.0003  43 -0.07 
 36.3515  44 -0.07 
 36  44.5744 -0.07 
 35.8054  45 -0.07 
 35.4056  46 -0.07 
 35.0813  47 -0.07 
 35  47.3375 -0.07 
 34.8752  48 -0.07 
 34.7348  49 -0.07 
 34.6793  50 -0.07 
 34.7348  51 -0.07 
 34.8752  52 -0.07 
 35  52.6625 -0.07 
 35.0813  53 -0.07 
 35.4056  54 -0.07 
 35.8054  55 -0.07 
 36  55.4256 -0.07 
 36.3515  56 -0.07 
 37  56.9997 -0.07 
 37.9439  58 -0.07 
 38  58.0581 -0.07 
 39  58.7194 -0.07 
 39.8174  59 -0.07 
 40  59.0646 -0.07 
 40.23  59 -0.07 
 40.9511  58 -0.07 
 40.7015  57 -0.07 
 40.3891  56 -0.07 
 40.1029  55 -0.07 
 40  54.6174 -0.07 
 39.8039  54 -0.07 
 39.5766  53 -0.07 
 39.4205  52 -0.07 
 39.3277  51 -0.07 
 39.2993  50 -0.07 
 39.3277  49 -0.07 
 39.4205  48 -0.07 
 39.5766  47 -0.07 
 39.8039  46 -0.07 
 40  45.3826 -0.07 
 40.1029  45 -0.07 
 40.3891  44 -0.07 
 40.7015  43 -0.07 
 40.9511  42 -0.07 
 40.23  41 -0.07 

 57.2418  48 -0.07 
 57  47.3955 -0.07 
 56.8338  47 -0.07 
 56.1903  46 -0.07 
 56  45.7702 -0.07 
 55.083  45 -0.07 
 55  44.935 -0.07 
 54  44.482 -0.07 
 53  44.3925 -0.07 
 52  44.709 -0.07 
 51.7006  45 -0.07 
 51  45.6998 -0.07 
 50.8727  46 -0.07 
 50.4556  47 -0.07 
 50.2164  48 -0.07 
 50.1197  49 -0.07 
 50.0961  50 -0.07 
 50.1197  51 -0.07 
 50.2164  52 -0.07 
 50.4556  53 -0.07 
 50.8727  54 -0.07 
 51  54.3002 -0.07 
 51.7006  55 -0.07 
 52  55.291 -0.07 
 53  55.6075 -0.07 
 54  55.518 -0.07 
 55  55.065 -0.07 
 55.083  55 -0.07 
 56  54.2298 -0.07 
 56.1903  54 -0.07 
 56.8338  53 -0.07 
 57  52.6045 -0.07 
 57.2418  52 -0.07 
 57.4707  51 -0.07 
 57.5404  50 -0.07 
 57.4707  49 -0.07 
 57.2418  48 -0.07 


# Contour 9, label:    -0.09
 38.0541  45 -0.09 
 38  44.9505 -0.09 
 37.9485  45 -0.09 
 37  45.8217 -0.09 
 36.9114  46 -0.09 
 36.4627  47 -0.09 
 36.0575  48 -0.09 
 36  48.2597 -0.09 
 35.9156  49 -0.09 
 35.8822  50 -0.09 
 35.9156  51 -0.09 
 36  51.7403 -0.09 
 36.0575  52 -0.09 
 36.4627  53 -0.09 
 36.9114  54 -0.09 
 37  54.1783 -0.09 
 37.9485  55 -0.09 
 38  55.0495 -0.09 
 38.0541  55 -0.09 
 38.3813  54 -0.09 
 38.367  53 -0.09 
 38.322  52 -0.09 
 38.3192  51 -0.09 
 38.3277  50 -0.09 
 38.3192  49 -0.09 
 38.322  48 -0.09 
 38.367  47 -0.09 
 38.3813  46 -0.09 
 38.0541  45 -0.09 

 57.1357  49 -0.09 
 57  48.4585 -0.09 
 56.8876  48 -0.09 
 56.4472  47 -0.09 
 56  46.3415 -0.09 
 55.6916  46 -0.09 
 55  45.395 -0.09 
 54.0896  45 -0.09 
 54  44.9588 -0.09 
 53  44.8695 -0.09 
 52.6422  45 -0.09 
 52  45.1751 -0.09 
 51.1745  46 -0.09 
 51  46.1333 -0.09 
 50.5858  47 -0.09 
 50.2783  48 -0.09 
 50.1538  49 -0.09 
 50.1235  50 -0.09 
 50.1538  51 -0.09 
 50.2783  52 -0.09 
 50.5858  53 -0.09 
 51  53.8667 -0.09 
 51.1745  54 -0.09 
 52  54.8249 -0.09 
 52.6422  55 -0.09 
 53  55.1305 -0.09 
 54  55.0412 -0.09 
 54.0896  55 -0.09 
 55  54.605 -0.09 
 55.6916  54 -0.09 
 56  53.6585 -0.09 
 56.4472  53 -0.09 
 56.8876  52 -0.09 
 57  51.5415 -0.09 
 57.1357  51 -0.09 
 57.2173  50 -0.09 
 57.1357  49 -0.09 


# Contour 10, label:    -0.11
 56.0607  47 -0.11 
 56  46.9106 -0.11 
 55.1777  46 -0.11 
 55  45.8446 -0.11 
 54  45.3321 -0.11 
 53  45.2356 -0.11 
 52  45.5314 -0.11 
 51.531  46 -0.11 
 51  46.4057 -0.11 
 50.716  47 -0.11 
 50.3401  48 -0.11 
 50.188  49 -0.11 
 50.151  50 -0.11 
 50.188  51 -0.11 
 50.3401  52 -0.11 
 50.716  53 -0.11 
 51  53.5943 -0.11 
 51.531  54 -0.11 
 52  54.4686 -0.11 
 53  54.7644 -0.11 
 54  54.6679 -0.11 
 55  54.1554 -0.11 
 55.1777  54 -0.11 
 56  53.0894 -0.11 
 56.0607  53 -0.11 
 56.5598  52 -0.11 
 56.8254  51 -0.11 
 56.9078  50 -0.11 
 56.8254  49 -0.11 
 56.5598  48 -0.11 
 56.0607  47 -0.11 


# Contour 11, label:    -0.13
 56.232  48 -0.13 
 56  47.5436 -0.13 
 55.6797  47 -0.13 
 55  46.2678 -0.13 
 54.5615  46 -0.13 
 54  45.6956 -0.13 
 53  45.56 -0.13 
 52  45.8876 -0.13 
 51.8876  46 -0.13 
 51  46.6781 -0.13 
 50.8462  47 -0.13 
 50.402  48 -0.13 
 50.2222  49 -0.13 
 50.1784  50 -0.13 
 50.2222  51 -0.13 
 50.402  52 -0.13 
 50.8462  53 -0.13 
 51  53.3219 -0.13 
 51.8876  54 -0.13 
 52  54.1124 -0.13 
 53  54.44 -0.13 
 54  54.3044 -0.13 
 54.5615  54 -0.13 
 55  53.7322 -0.13 
 55.6797  53 -0.13 
 56  52.4564 -0.13 
 56.232  52 -0.13 
 56.5321  51 -0.13 
 56.6262  50 -0.13 
 56.5321  49 -0.13 
 56.232  48 -0.13 


# Contour 12, label:    -0.15
 56.2387  49 -0.15 
 56  48.2642 -0.15 
 55.9136  48 -0.15 
 55.2997  47 -0.15 
 55  46.6771 -0.15 
 54  46.0478 -0.15 
 53.6868  46 -0.15 
 53  45.8844 -0.15 
 52.6578  46 -0.15 
 52  46.134 -0.15 
 51  46.9505 -0.15 
 50.9764  47 -0.15 
 50.4638  48 -0.15 
 50.2564  49 -0.15 
 50.2058  50 -0.15 
 50.2564  51 -0.15 
 50.4638  52 -0.15 
 50.9764  53 -0.15 
 51  53.0495 -0.15 
 52  53.866 -0.15 
 52.6578  54 -0.15 
 53  54.1156 -0.15 
 53.6868  54 -0.15 
 54  53.9522 -0.15 
 55  53.3229 -0.15 
 55.2997  53 -0.15 
 55.9136  52 -0.15 
 56  51.7358 -0.15 
 56.2387  51 -0.15 
 56.3445  50 -0.15 
 56.2387  49 -0.15 

