0 0.0930605
0.0634665 0.092519
0.126933 0.0916932
0.1904 0.0913011
0.253866 0.091366
0.317333 0.0908868
0.380799 0.0893665
0.444266 0.0899626
0.507732 0.090099
0.571199 0.0896701
0.634665 0.0895295
0.698132 0.0888627
0.761598 0.0892998
0.825065 0.0898485
0.888531 0.0887981
0.951998 0.0901395
1.01546 0.0890322
1.07893 0.0909421
1.1424 0.0898406
1.20586 0.0895545
1.26933 0.0915841
1.3328 0.0913095
1.39626 0.091306
1.45973 0.0918167
1.5232 0.0926607
1.58666 0.0929395
1.65013 0.0922722
1.7136 0.0915782
1.77706 0.0913963
1.84053 0.0914946
1.904 0.0903369
1.96746 0.0893868
2.03093 0.0904462
2.0944 0.0892593
2.15786 0.0900577
2.22133 0.0894217
2.28479 0.0895958
2.34826 0.0886476
2.41173 0.0898406
2.47519 0.0893961
2.53866 0.0903896
2.60213 0.0888993
2.66559 0.0913044
2.72906 0.0896257
2.79253 0.08994
2.85599 0.0916671
2.91946 0.0913216
2.98293 0.0914015
3.04639 0.0920148
3.10986 0.0928035
3.17333 0.0928035
3.23679 0.0920148
3.30026 0.0914015
3.36373 0.0913216
3.42719 0.0916671
3.49066 0.08994
3.55413 0.0896257
3.61759 0.0913044
3.68106 0.0888993
3.74452 0.0903896
3.80799 0.0893961
3.87146 0.0898406
3.93492 0.0886476
3.99839 0.0895958
4.06186 0.0894217
4.12532 0.0900577
4.18879 0.0892593
4.25226 0.0904462
4.31572 0.0893868
4.37919 0.0903369
4.44266 0.0914946
4.50612 0.0913963
4.56959 0.0915782
4.63306 0.0922722
4.69652 0.0929395
4.75999 0.0926607
4.82346 0.0918167
4.88692 0.091306
4.95039 0.0913095
5.01385 0.0915841
5.07732 0.0895545
5.14079 0.0898406
5.20425 0.0909421
5.26772 0.0890322
5.33119 0.0901395
5.39465 0.0887981
5.45812 0.0898485
5.52159 0.0892998
5.58505 0.0888627
5.64852 0.0895295
5.71199 0.0896701
5.77545 0.090099
5.83892 0.0899626
5.90239 0.0893665
5.96585 0.0908868
6.02932 0.091366
6.09279 0.0913011
6.15625 0.0916932
6.21972 0.092519
6.28319 0.0930605
