56 -0.174468 -0.199038
57 -0.103453 -0.123467
58 -0.041552 -0.0577553
59 0.0093022 -0.00187977
60 0.0492607 0.0429494
61 0.0788583 0.0754917
62 0.0954307 0.0950731
63 0.0984239 0.101866
64 0.0917047 0.0969648
65 0.0772305 0.082315
66 0.0546844 0.0605281
67 0.0282476 0.034625
68 0.00329094 0.00773843
69 -0.0194378 -0.017187
70 -0.0394881 -0.0376659
71 -0.0526899 -0.0518857
72 -0.0567247 -0.0588425
73 -0.0552958 -0.058388
74 -0.0492456 -0.0511859
75 -0.0355696 -0.0385866
76 -0.0181799 -0.0224365
77 -0.00279463 -0.00484578
78 0.0124816 0.0120593
79 0.0278711 0.026372
80 0.0372761 0.0366036
81 0.0394938 0.0418251
82 0.0396209 0.0417391
83 0.0362697 0.0366775
84 0.025289 0.027529
85 0.0121375 0.0156065
86 0.00189197 0.00247469
87 -0.00960305 -0.0102444
88 -0.022858 -0.0210616
89 -0.029406 -0.0287872
90 -0.0292184 -0.0326548
91 -0.0312599 -0.0323913
92 -0.0299901 -0.0282255
93 -0.0171207 -0.0208387
94 -0.00690498 -0.0112642
95 -0.00553917 -0.000750037
96 0.00650357 0.00939793
97 0.0265579 0.017973
98 0.0265397 0.024007
99 0.00993154 0.0268756
