56 -0.029414 -0.0503113
57 -0.0178142 -0.0323631
58 -0.00425553 -0.0149718
59 0.00858487 0.000872685
60 0.0192701 0.0141744
61 0.0274762 0.0241427
62 0.0322736 0.0302983
63 0.0329966 0.03252
64 0.030501 0.031044
65 0.0257201 0.0264249
66 0.0185151 0.0194663
67 0.00976464 0.0111283
68 0.00153936 0.00242505
69 -0.00578157 -0.00567913
70 -0.012461 -0.0123626
71 -0.0168659 -0.01702
72 -0.0182308 -0.0193101
73 -0.0178533 -0.0191732
74 -0.0158882 -0.0168185
75 -0.0115146 -0.0126837
76 -0.00579446 -0.00737279
77 -0.000659975 -0.00157942
78 0.00425893 0.00399512
79 0.00935153 0.00872015
80 0.0124882 0.0121018
81 0.0131366 0.0138305
82 0.0131504 0.0138054
83 0.0120832 0.012134
84 0.00844463 0.0091086
85 0.0040844 0.00516275
86 0.000769747 0.000814012
87 -0.00316255 -0.00340023
88 -0.00751692 -0.00698606
89 -0.00953744 -0.00954836
90 -0.0099803 -0.0108322
91 -0.0103036 -0.010746
92 -0.00920169 -0.00936498
93 -0.00645755 -0.00691447
94 -0.0031475 -0.00373699
95 0.000576035 -0.000246624
96 0.00345272 0.00312306
97 0.0041222 0.00597118
98 0.00505075 0.00797587
99 0.00832983 0.0089294
