1.5708 1.41618e-30
1.50733 0.000463363
1.44386 0.00162167
1.3804 0.0033598
1.31693 0.00580857
1.25346 0.00895394
1.19 0.0125859
1.12653 0.0168413
1.06306 0.0216198
0.999598 0.0267187
0.936131 0.0317918
0.872665 0.0371208
0.809198 0.0429348
0.745732 0.0487046
0.682265 0.0538409
0.618799 0.0601351
0.555332 0.0644534
0.491866 0.0710565
0.428399 0.0745017
0.364932 0.0783547
0.301466 0.0837301
0.237999 0.0862738
0.174533 0.0884255
0.111066 0.0905157
0.0475999 0.0924722
-0.0158666 0.0930605
-0.0793331 0.0916462
-0.1428 0.0895681
-0.206266 0.0876051
-0.269733 0.0851369
-0.333199 0.0809232
-0.396666 0.0761724
-0.460132 0.0728576
-0.523599 0.0672551
-0.587065 0.0625999
-0.650532 0.056963
-0.713998 0.0514719
-0.777465 0.0453166
-0.840931 0.0404066
-0.904398 0.0345258
-0.967864 0.0294415
-1.03133 0.0238675
-1.0948 0.0194337
-1.15826 0.0146491
-1.22173 0.0106693
-1.2852 0.00728105
-1.34866 0.00448102
-1.41213 0.00243179
-1.4756 0.00101125
-1.53906 0.000231931
-1.60253 7.98961e-31
-1.666 0.000463363
-1.72946 0.00162167
-1.79293 0.0033598
-1.8564 0.00580857
-1.91986 0.00895394
-1.98333 0.0125859
-2.0468 0.0168413
-2.11026 0.0216198
-2.17373 0.0267187
-2.23719 0.0317918
-2.30066 0.0371208
-2.36413 0.0429348
-2.42759 0.0487046
-2.49106 0.0538409
-2.55453 0.0601351
-2.61799 0.0644534
-2.68146 0.0710565
-2.74493 0.0745017
-2.80839 0.0783547
-2.87186 0.0837301
-2.93533 0.0862738
-2.99879 0.0884255
-3.06226 0.0905157
-3.12573 0.0924722
-3.18919 0.0930605
-3.25266 0.0916462
-3.31613 0.0895681
-3.37959 0.0876051
-3.44306 0.0851369
-3.50653 0.0809232
-3.56999 0.0761724
-3.63346 0.0728576
-3.69692 0.0672551
-3.76039 0.0625999
-3.82386 0.056963
-3.88732 0.0514719
-3.95079 0.0453166
-4.01426 0.0404066
-4.07772 0.0345258
-4.14119 0.0294415
-4.20466 0.0238675
-4.26812 0.0194337
-4.33159 0.0146491
-4.39506 0.0106693
-4.45852 0.00728105
-4.52199 0.00448102
-4.58546 0.00243179
-4.64892 0.00101125
-4.71239 0.000231931
