
# Surface 0 of 1 surfaces

# Curve title: "'Datos/dataContour.txt'"

# Contour 0, label:     0.09
 49.2526  47  0.09 
 49  46.516  0.09 
 48  46.0037  0.09 
 47.9462  46  0.09 
 47  45.881  0.09 
 46.6589  46  0.09 
 46  46.2174  0.09 
 45.068  47  0.09 
 45  47.0816  0.09 
 44.4172  48  0.09 
 44.0855  49  0.09 
 44  49.8235  0.09 
 43.979  50  0.09 
 44  50.1765  0.09 
 44.0855  51  0.09 
 44.4172  52  0.09 
 45  52.9184  0.09 
 45.068  53  0.09 
 46  53.7826  0.09 
 46.6589  54  0.09 
 47  54.119  0.09 
 47.9462  54  0.09 
 48  53.9963  0.09 
 49  53.484  0.09 
 49.2526  53  0.09 
 49.6366  52  0.09 
 49.765  51  0.09 
 49.7903  50  0.09 
 49.765  49  0.09 
 49.6366  48  0.09 
 49.2526  47  0.09 


# Contour 1, label:     0.07
 49.4187  47  0.07 
 49  46.1977  0.07 
 48.6136  46  0.07 
 48  45.5218  0.07 
 47  45.3967  0.07 
 46  45.6981  0.07 
 45.5622  46  0.07 
 45  46.4354  0.07 
 44.5331  47  0.07 
 44.0018  48  0.07 
 44  48.0057  0.07 
 43.6827  49  0.07 
 43.5781  50  0.07 
 43.6827  51  0.07 
 44  51.9943  0.07 
 44.0018  52  0.07 
 44.5331  53  0.07 
 45  53.5646  0.07 
 45.5622  54  0.07 
 46  54.3019  0.07 
 47  54.6033  0.07 
 48  54.4782  0.07 
 48.6136  54  0.07 
 49  53.8023  0.07 
 49.4187  53  0.07 
 49.7174  52  0.07 
 49.8172  51  0.07 
 49.8369  50  0.07 
 49.8172  49  0.07 
 49.7174  48  0.07 
 49.4187  47  0.07 


# Contour 2, label:     0.05
 49.1317  46  0.05 
 49  45.7308  0.05 
 48  45.0368  0.05 
 47.7045  45  0.05 
 47  44.8699  0.05 
 46.543  45  0.05 
 46  45.1236  0.05 
 45  45.7601  0.05 
 44.766  46  0.05 
 44  46.9993  0.05 
 43.5188  48  0.05 
 43.2628  49  0.05 
 43.1771  50  0.05 
 43.2628  51  0.05 
 43.5188  52  0.05 
 43.9995  53  0.05 
 44.766  54  0.05 
 45  54.2399  0.05 
 46  54.8764  0.05 
 46.543  55  0.05 
 47  55.1301  0.05 
 47.7045  55  0.05 
 48  54.9632  0.05 
 49  54.2692  0.05 
 49.1317  54  0.05 
 49.5848  53  0.05 
 49.7981  52  0.05 
 49.8694  51  0.05 
 49.8835  50  0.05 
 49.8694  49  0.05 
 49.7981  48  0.05 
 49.5848  47  0.05 
 49.1317  46  0.05 

 64.0052  47  0.05 
 64  46.9807  0.05 
 63.6745  46  0.05 
 63.236  45  0.05 
 63  44.5408  0.05 
 62.6065  44  0.05 
 62  43.1997  0.05 
 61.7751  43  0.05 
 61  42.2973  0.05 
 60.4612  42  0.05 
 60  41.7416  0.05 
 59  41.727  0.05 
 58.7508  42  0.05 
 58.6538  43  0.05 
 58.8492  44  0.05 
 59  44.5525  0.05 
 59.1402  45  0.05 
 59.4598  46  0.05 
 59.6956  47  0.05 
 59.8507  48  0.05 
 59.9026  49  0.05 
 59.9033  50  0.05 
 59.9026  51  0.05 
 59.8507  52  0.05 
 59.6956  53  0.05 
 59.4598  54  0.05 
 59.1402  55  0.05 
 59  55.4475  0.05 
 58.8492  56  0.05 
 58.6538  57  0.05 
 58.7508  58  0.05 
 59  58.273  0.05 
 60  58.2584  0.05 
 60.4612  58  0.05 
 61  57.7027  0.05 
 61.7751  57  0.05 
 62  56.8003  0.05 
 62.6065  56  0.05 
 63  55.4592  0.05 
 63.236  55  0.05 
 63.6745  54  0.05 
 64  53.0193  0.05 
 64.0052  53  0.05 
 64.2021  52  0.05 
 64.3479  51  0.05 
 64.4089  50  0.05 
 64.3479  49  0.05 
 64.2021  48  0.05 
 64.0052  47  0.05 


# Contour 3, label:     0.03
 33.3041  37  0.03 
 33  36.6025  0.03 
 32  36.9327  0.03 
 31.928  37  0.03 
 31  37.8182  0.03 
 30.8544  38  0.03 
 30.0036  39  0.03 
 30  39.0037  0.03 
 29.3464  40  0.03 
 29  40.5048  0.03 
 28.7551  41  0.03 
 28.2729  42  0.03 
 28  42.5343  0.03 
 27.837  43  0.03 
 27.5099  44  0.03 
 27.1806  45  0.03 
 27  45.5945  0.03 
 26.9098  46  0.03 
 26.7474  47  0.03 
 26.6446  48  0.03 
 26.5519  49  0.03 
 26.5018  50  0.03 
 26.5519  51  0.03 
 26.6446  52  0.03 
 26.7474  53  0.03 
 26.9098  54  0.03 
 27  54.4055  0.03 
 27.1806  55  0.03 
 27.5099  56  0.03 
 27.837  57  0.03 
 28  57.4657  0.03 
 28.2729  58  0.03 
 28.7551  59  0.03 
 29  59.4952  0.03 
 29.3464  60  0.03 
 30  60.9963  0.03 
 30.0036  61  0.03 
 30.8544  62  0.03 
 31  62.1818  0.03 
 31.928  63  0.03 
 32  63.0673  0.03 
 33  63.3975  0.03 
 33.3041  63  0.03 
 33.1478  62  0.03 
 33  61.5822  0.03 
 32.7697  61  0.03 
 32.3821  60  0.03 
 32.0473  59  0.03 
 32  58.8557  0.03 
 31.6505  58  0.03 
 31.3671  57  0.03 
 31.1499  56  0.03 
 31  55.1731  0.03 
 30.9564  55  0.03 
 30.7187  54  0.03 
 30.5552  53  0.03 
 30.448  52  0.03 
 30.4008  51  0.03 
 30.3879  50  0.03 
 30.4008  49  0.03 
 30.448  48  0.03 
 30.5552  47  0.03 
 30.7187  46  0.03 
 30.9564  45  0.03 
 31  44.8269  0.03 
 31.1499  44  0.03 
 31.3671  43  0.03 
 31.6505  42  0.03 
 32  41.1443  0.03 
 32.0473  41  0.03 
 32.3821  40  0.03 
 32.7697  39  0.03 
 33  38.4178  0.03 
 33.1478  38  0.03 
 33.3041  37  0.03 

 49.479  46  0.03 
 49  45.0206  0.03 
 48.9696  45  0.03 
 48  44.2465  0.03 
 47  44.1516  0.03 
 46  44.3937  0.03 
 45.037  45  0.03 
 45  45.0223  0.03 
 44.0464  46  0.03 
 44  46.0605  0.03 
 43.4111  47  0.03 
 43.0355  48  0.03 
 43  48.164  0.03 
 42.804  49  0.03 
 42.7216  50  0.03 
 42.804  51  0.03 
 43  51.836  0.03 
 43.0355  52  0.03 
 43.4111  53  0.03 
 44  53.9395  0.03 
 44.0464  54  0.03 
 45  54.9777  0.03 
 45.037  55  0.03 
 46  55.6063  0.03 
 47  55.8484  0.03 
 48  55.7535  0.03 
 48.9696  55  0.03 
 49  54.9794  0.03 
 49.479  54  0.03 
 49.7509  53  0.03 
 49.8789  52  0.03 
 49.9217  51  0.03 
 49.9301  50  0.03 
 49.9217  49  0.03 
 49.8789  48  0.03 
 49.7509  47  0.03 
 49.479  46  0.03 

 65.0888  46  0.03 
 65  45.7385  0.03 
 64.7202  45  0.03 
 64.2752  44  0.03 
 64  43.4589  0.03 
 63.7322  43  0.03 
 63.0914  42  0.03 
 63  41.8693  0.03 
 62.2575  41  0.03 
 62  40.7111  0.03 
 61.2119  40  0.03 
 61  39.8112  0.03 
 60  39.1375  0.03 
 59.7187  39  0.03 
 59  38.646  0.03 
 58  38.3388  0.03 
 57  38.2476  0.03 
 56  38.5072  0.03 
 55.4017  39  0.03 
 55.1507  40  0.03 
 55.4262  41  0.03 
 55.9667  42  0.03 
 56  42.0393  0.03 
 56.6504  43  0.03 
 57  43.4911  0.03 
 57.3012  44  0.03 
 57.8474  45  0.03 
 58  45.3289  0.03 
 58.3071  46  0.03 
 58.6504  47  0.03 
 58.8598  48  0.03 
 58.9838  49  0.03 
 59  49.3189  0.03 
 59.0441  50  0.03 
 59  50.6811  0.03 
 58.9838  51  0.03 
 58.8598  52  0.03 
 58.6504  53  0.03 
 58.3071  54  0.03 
 58  54.6711  0.03 
 57.8474  55  0.03 
 57.3012  56  0.03 
 57  56.5089  0.03 
 56.6504  57  0.03 
 56  57.9607  0.03 
 55.9667  58  0.03 
 55.4262  59  0.03 
 55.1507  60  0.03 
 55.4017  61  0.03 
 56  61.4928  0.03 
 57  61.7524  0.03 
 58  61.6612  0.03 
 59  61.354  0.03 
 59.7187  61  0.03 
 60  60.8625  0.03 
 61  60.1888  0.03 
 61.2119  60  0.03 
 62  59.2889  0.03 
 62.2575  59  0.03 
 63  58.1307  0.03 
 63.0914  58  0.03 
 63.7322  57  0.03 
 64  56.5411  0.03 
 64.2752  56  0.03 
 64.7202  55  0.03 
 65  54.2615  0.03 
 65.0888  54  0.03 
 65.3436  53  0.03 
 65.4991  52  0.03 
 65.6007  51  0.03 
 65.645  50  0.03 
 65.6007  49  0.03 
 65.4991  48  0.03 
 65.3436  47  0.03 
 65.0888  46  0.03 


# Contour 4, label:     0.01
 19.8916  29  0.01 
 20  28.8364  0.01 
 20.5285  28  0.01 
 21  27.3483  0.01 
 21.2489  27  0.01 
 22  26.0259  0.01 
 22.0204  26  0.01 
 22.7949  25  0.01 
 23  24.7433  0.01 
 23.6179  24  0.01 
 24  23.5464  0.01 
 24.4953  23  0.01 
 25  22.4233  0.01 
 25.4084  22  0.01 
 26  21.3485  0.01 
 26.3633  21  0.01 
 27  20.3103  0.01 
 27.3395  20  0.01 
 28  19.2838  0.01 
 28.3264  19  0.01 
 29  18.2274  0.01 
 29.2525  18  0.01 
 29.9977  17  0.01 
 30  16.9875  0.01 
 30.2285  16  0.01 

 18  77.4198  0.01 
 18.5701  78  0.01 
 19  78.4457  0.01 
 19.5857  79  0.01 
 20  79.4009  0.01 
 20.6741  80  0.01 
 21  80.2881  0.01 
 21.8505  81  0.01 
 22  81.1241  0.01 
 23  81.8764  0.01 
 23.1749  82  0.01 
 24  82.5408  0.01 
 24.6969  83  0.01 
 25  83.1854  0.01 
 26  83.7357  0.01 
 26.5183  84  0.01 
 27  84.2052  0.01 
 28  84.5378  0.01 
 29  84.7744  0.01 
 30  84.3693  0.01 
 30.2285  84  0.01 
 30  83.0125  0.01 
 29.9977  83  0.01 
 29.2525  82  0.01 
 29  81.7726  0.01 
 28.3264  81  0.01 
 28  80.7162  0.01 
 27.3395  80  0.01 
 27  79.6897  0.01 
 26.3633  79  0.01 
 26  78.6515  0.01 
 25.4084  78  0.01 
 25  77.5767  0.01 
 24.4953  77  0.01 
 24  76.4536  0.01 
 23.6179  76  0.01 
 23  75.2567  0.01 
 22.7949  75  0.01 
 22.0204  74  0.01 
 22  73.9741  0.01 
 21.2489  73  0.01 
 21  72.6517  0.01 
 20.5285  72  0.01 
 20  71.1636  0.01 
 19.8916  71  0.01 
 19.2538  70  0.01 
 19  69.5648  0.01 
 18.6491  69  0.01 
 18.1195  68  0.01 
 18  67.7704  0.01 
 17.5628  67  0.01 
 17.1031  66  0.01 
 17  65.7713  0.01 
 16.6152  65  0.01 
 16.213  64  0.01 
 16  63.4135  0.01 
 15.8279  63  0.01 
 15.4726  62  0.01 
 15.1771  61  0.01 
 15  60.4098  0.01 
 14.8597  60  0.01 
 14.5664  59  0.01 
 14.3075  58  0.01 
 14.1082  57  0.01 
 14  56.3451  0.01 
 13.9382  56  0.01 
 13.7839  55  0.01 
 13.6505  54  0.01 
 13.5359  53  0.01 
 13.4846  52  0.01 
 13.4483  51  0.01 
 13.4236  50  0.01 
 13.4483  49  0.01 
 13.4846  48  0.01 
 13.5359  47  0.01 
 13.6505  46  0.01 
 13.7839  45  0.01 
 13.9382  44  0.01 
 14  43.6549  0.01 
 14.1082  43  0.01 
 14.3075  42  0.01 
 14.5664  41  0.01 
 14.8597  40  0.01 
 15  39.5902  0.01 
 15.1771  39  0.01 
 15.4726  38  0.01 
 15.8279  37  0.01 
 16  36.5865  0.01 
 16.213  36  0.01 
 16.6152  35  0.01 
 17  34.2287  0.01 
 17.1031  34  0.01 
 17.5628  33  0.01 
 18  32.2296  0.01 
 18.1195  32  0.01 
 18.6491  31  0.01 
 19  30.4352  0.01 
 19.2538  30  0.01 
 19.8916  29  0.01 

 30.2285  16  0.01 
 30  15.6307  0.01 
 29  15.2256  0.01 
 28  15.4622  0.01 
 27  15.7948  0.01 
 26.5183  16  0.01 
 26  16.2643  0.01 
 25  16.8146  0.01 
 24.6969  17  0.01 
 24  17.4592  0.01 
 23.1749  18  0.01 
 23  18.1236  0.01 
 22  18.8759  0.01 
 21.8505  19  0.01 
 21  19.7119  0.01 
 20.6741  20  0.01 
 20  20.5991  0.01 
 19.5857  21  0.01 
 19  21.5543  0.01 
 18.5701  22  0.01 
 18  22.5802  0.01 
 17.6319  23  0.01 
 17  23.6902  0.01 
 16.7451  24  0.01 
 16  24.884  0.01 
 15.9132  25  0.01 
 15.1631  26  0.01 
 15  26.2064  0.01 
 14.4684  27  0.01 
 14  27.6412  0.01 
 13.7755  28  0.01 
 13.1502  29  0.01 
 13  29.225  0.01 
 12.5757  30  0.01 
 12  30.9606  0.01 
 11.9799  31  0.01 
 11.513  32  0.01 
 11  32.9572  0.01 
 10.9808  33  0.01 
 10.5788  34  0.01 
 10.1385  35  0.01 
 10  35.3013  0.01 
 9.75235  36  0.01 
 9.42164  37  0.01 
 9.06329  38  0.01 
 9  38.1881  0.01 
 8.79425  39  0.01 
 8.52763  40  0.01 
 8.26401  41  0.01 
 8.01116  42  0.01 
 8  42.0508  0.01 
 7.85921  43  0.01 
 7.72174  44  0.01 
 7.56346  45  0.01 
 7.42136  46  0.01 
 7.43897  47  0.01 
 7.44183  48  0.01 
 7.18735  49  0.01 
 7  49.9817  0.01 
 6.99766  50  0.01 
 7  50.0183  0.01 
 7.18735  51  0.01 
 7.44183  52  0.01 
 7.43897  53  0.01 
 7.42136  54  0.01 
 7.56346  55  0.01 
 7.72174  56  0.01 
 7.85921  57  0.01 
 8  57.9492  0.01 
 8.01116  58  0.01 
 8.26401  59  0.01 
 8.52763  60  0.01 
 8.79425  61  0.01 
 9  61.8119  0.01 
 9.06329  62  0.01 
 9.42164  63  0.01 
 9.75235  64  0.01 
 10  64.6987  0.01 
 10.1385  65  0.01 
 10.5788  66  0.01 
 10.9808  67  0.01 
 11  67.0428  0.01 
 11.513  68  0.01 
 11.9799  69  0.01 
 12  69.0394  0.01 
 12.5757  70  0.01 
 13  70.775  0.01 
 13.1502  71  0.01 
 13.7755  72  0.01 
 14  72.3588  0.01 
 14.4684  73  0.01 
 15  73.7936  0.01 
 15.1631  74  0.01 
 15.9132  75  0.01 
 16  75.116  0.01 
 16.7451  76  0.01 
 17  76.3098  0.01 
 17.6319  77  0.01 
 18  77.4198  0.01 

 40  65.7267  0.01 
 39.1681  65  0.01 
 39  64.87  0.01 
 38.1074  64  0.01 
 38  63.9013  0.01 
 37.1298  63  0.01 
 37  62.8671  0.01 
 36.278  62  0.01 
 36  61.6519  0.01 
 35.5303  61  0.01 
 35  60.1989  0.01 
 34.8753  60  0.01 
 34.3022  59  0.01 
 34  58.3844  0.01 
 33.8074  58  0.01 
 33.3764  57  0.01 
 33.0282  56  0.01 
 33  55.9087  0.01 
 32.7017  55  0.01 
 32.443  54  0.01 
 32.2544  53  0.01 
 32.1128  52  0.01 
 32.0268  51  0.01 
 32  50.0879  0.01 
 31.9971  50  0.01 
 32  49.9121  0.01 
 32.0268  49  0.01 
 32.1128  48  0.01 
 32.2544  47  0.01 
 32.443  46  0.01 
 32.7017  45  0.01 
 33  44.0913  0.01 
 33.0282  44  0.01 
 33.3764  43  0.01 
 33.8074  42  0.01 
 34  41.6156  0.01 
 34.3022  41  0.01 
 34.8753  40  0.01 
 35  39.8011  0.01 
 35.5303  39  0.01 
 36  38.3481  0.01 
 36.278  38  0.01 
 37  37.1329  0.01 
 37.1298  37  0.01 
 38  36.0987  0.01 
 38.1074  36  0.01 
 39  35.13  0.01 
 39.1681  35  0.01 
 40  34.2733  0.01 
 40.3823  34  0.01 
 41  33.4455  0.01 
 41.6608  33  0.01 
 42  32.6875  0.01 
 42.9308  32  0.01 
 43  31.9156  0.01 
 43.9124  31  0.01 
 44  30.8131  0.01 
 44.4161  30  0.01 
 44.2961  29  0.01 

 44.2961  29  0.01 
 44  28.6894  0.01 
 43  28.0522  0.01 
 42.7857  28  0.01 
 42  27.8873  0.01 
 41  27.9155  0.01 
 40.3117  28  0.01 
 40  28.0383  0.01 
 39  28.3005  0.01 
 38  28.6582  0.01 
 37.2205  29  0.01 
 37  29.0959  0.01 
 36  29.6151  0.01 
 35.3482  30  0.01 
 35  30.2021  0.01 
 34  30.8826  0.01 
 33.8538  31  0.01 
 33  31.6779  0.01 
 32.6363  32  0.01 
 32  32.566  0.01 
 31.5606  33  0.01 
 31  33.5572  0.01 
 30.6018  34  0.01 
 30  34.6769  0.01 
 29.7483  35  0.01 
 29  35.9835  0.01 
 28.9885  36  0.01 
 28.3264  37  0.01 
 28  37.5065  0.01 
 27.7149  38  0.01 
 27.1787  39  0.01 
 27  39.3516  0.01 
 26.6887  40  0.01 
 26.2606  41  0.01 
 26  41.6752  0.01 
 25.8812  42  0.01 
 25.5779  43  0.01 
 25.3033  44  0.01 
 25.0728  45  0.01 
 25  45.3571  0.01 
 24.8763  46  0.01 
 24.7353  47  0.01 
 24.6591  48  0.01 
 24.5968  49  0.01 
 24.5644  50  0.01 
 24.5968  51  0.01 
 24.6591  52  0.01 
 24.7353  53  0.01 
 24.8763  54  0.01 
 25  54.6429  0.01 
 25.0728  55  0.01 
 25.3033  56  0.01 
 25.5779  57  0.01 
 25.8812  58  0.01 
 26  58.3248  0.01 
 26.2606  59  0.01 
 26.6887  60  0.01 
 27  60.6484  0.01 
 27.1787  61  0.01 
 27.7149  62  0.01 
 28  62.4935  0.01 
 28.3264  63  0.01 
 28.9885  64  0.01 
 29  64.0165  0.01 
 29.7483  65  0.01 
 30  65.3231  0.01 
 30.6018  66  0.01 
 31  66.4428  0.01 
 31.5606  67  0.01 
 32  67.434  0.01 
 32.6363  68  0.01 
 33  68.3221  0.01 
 33.8538  69  0.01 
 34  69.1174  0.01 
 35  69.7979  0.01 
 35.3482  70  0.01 
 36  70.3849  0.01 
 37  70.9041  0.01 
 37.2205  71  0.01 
 38  71.3418  0.01 
 39  71.6995  0.01 
 40  71.9617  0.01 
 40.3117  72  0.01 
 41  72.0845  0.01 
 42  72.1127  0.01 
 42.7857  72  0.01 
 43  71.9478  0.01 
 44  71.3106  0.01 
 44.2961  71  0.01 
 44.4161  70  0.01 
 44  69.1869  0.01 
 43.9124  69  0.01 
 43  68.0844  0.01 
 42.9308  68  0.01 
 42  67.3125  0.01 
 41.6608  67  0.01 
 41  66.5545  0.01 
 40.3823  66  0.01 
 40  65.7267  0.01 

 49.3208  44  0.01 
 49  43.4741  0.01 
 48  43.0921  0.01 
 47  43.1471  0.01 
 46  43.4772  0.01 
 45.2234  44  0.01 
 45  44.127  0.01 
 44.0845  45  0.01 
 44  45.0874  0.01 
 43.3234  46  0.01 
 43  46.5973  0.01 
 42.8024  47  0.01 
 42.465  48  0.01 
 42.2802  49  0.01 
 42.2228  50  0.01 
 42.2802  51  0.01 
 42.465  52  0.01 
 42.8024  53  0.01 
 43  53.4027  0.01 
 43.3234  54  0.01 
 44  54.9126  0.01 
 44.0845  55  0.01 
 45  55.873  0.01 
 45.2234  56  0.01 
 46  56.5228  0.01 
 47  56.8529  0.01 
 48  56.9079  0.01 
 49  56.5259  0.01 
 49.3208  56  0.01 
 49.6601  55  0.01 
 49.8263  54  0.01 
 49.917  53  0.01 
 49.9596  52  0.01 
 49.9739  51  0.01 
 49.9767  50  0.01 
 49.9739  49  0.01 
 49.9596  48  0.01 
 49.917  47  0.01 
 49.8263  46  0.01 
 49.6601  45  0.01 
 49.3208  44  0.01 

 66.5171  47  0.01 
 66.3005  46  0.01 
 66.0003  45  0.01 

 66.0003  45  0.01 
 65.6209  44  0.01 
 65.1741  43  0.01 
 65  42.6566  0.01 
 64.6435  42  0.01 
 64.0274  41  0.01 
 64  40.9591  0.01 
 63.2911  40  0.01 
 63  39.6379  0.01 
 62.4122  39  0.01 
 62  38.571  0.01 
 61.3532  38  0.01 
 61  37.6825  0.01 
 60.0487  37  0.01 
 60  36.9631  0.01 
 59  36.3822  0.01 
 58.1834  36  0.01 
 58  35.9038  0.01 
 57  35.5285  0.01 
 56  35.3226  0.01 
 55  35.2336  0.01 
 54  35.3099  0.01 
 53  35.7895  0.01 
 52.7655  36  0.01 
 52.0738  37  0.01 
 52  37.2322  0.01 
 51.8032  38  0.01 
 51.7299  39  0.01 
 51.9189  40  0.01 
 52  40.1362  0.01 
 52.5266  41  0.01 
 53  41.3348  0.01 
 53.7538  42  0.01 
 54  42.1274  0.01 
 55  42.9418  0.01 
 55.0512  43  0.01 
 56  43.9298  0.01 
 56.055  44  0.01 
 56.8426  45  0.01 
 57  45.2353  0.01 
 57.443  46  0.01 
 57.8532  47  0.01 
 58  47.5348  0.01 
 58.1401  48  0.01 
 58.3123  49  0.01 
 58.3684  50  0.01 
 58.3123  51  0.01 
 58.1401  52  0.01 
 58  52.4652  0.01 
 57.8532  53  0.01 
 57.443  54  0.01 
 57  54.7647  0.01 
 56.8426  55  0.01 
 56.055  56  0.01 
 56  56.0702  0.01 
 55.0512  57  0.01 
 55  57.0582  0.01 
 54  57.8726  0.01 
 53.7538  58  0.01 
 53  58.6652  0.01 
 52.5266  59  0.01 
 52  59.8638  0.01 
 51.9189  60  0.01 
 51.7299  61  0.01 
 51.8032  62  0.01 
 52  62.7678  0.01 
 52.0738  63  0.01 
 52.7655  64  0.01 
 53  64.2105  0.01 
 54  64.6901  0.01 
 55  64.7664  0.01 
 56  64.6774  0.01 
 57  64.4715  0.01 
 58  64.0962  0.01 
 58.1834  64  0.01 
 59  63.6178  0.01 
 60  63.0369  0.01 
 60.0487  63  0.01 
 61  62.3175  0.01 
 61.3532  62  0.01 
 62  61.429  0.01 
 62.4122  61  0.01 
 63  60.3621  0.01 
 63.2911  60  0.01 
 64  59.0409  0.01 
 64.0274  59  0.01 
 64.6435  58  0.01 
 65  57.3434  0.01 
 65.1741  57  0.01 
 65.6209  56  0.01 
 66  55.0007  0.01 
 66.3005  54  0.01 
 66.5171  53  0.01 
 66.6553  52  0.01 
 66.7331  51  0.01 
 66.7644  50  0.01 
 66.7331  49  0.01 
 66.6553  48  0.01 
 66.5171  47  0.01 

 77.2324  52  0.01 
 77.148  53  0.01 
 77  53.8809  0.01 
 76.9822  54  0.01 
 76.7979  55  0.01 
 76.6162  56  0.01 
 76.3961  57  0.01 
 76.1186  58  0.01 
 76  58.3345  0.01 
 75.7945  59  0.01 
 75.446  60  0.01 
 75.0235  61  0.01 
 75  61.0534  0.01 
 74.6022  62  0.01 
 74.1031  63  0.01 
 74  63.1936  0.01 
 73.5904  64  0.01 
 73.0042  65  0.01 
 73  65.007  0.01 
 72.3822  66  0.01 
 72  66.5588  0.01 
 71.6975  67  0.01 
 71  67.9226  0.01 
 70.9387  68  0.01 
 70.1342  69  0.01 
 70  69.1622  0.01 
 69.2681  70  0.01 
 69  70.3105  0.01 
 68.3261  71  0.01 
 68  71.3514  0.01 
 67.3075  72  0.01 
 67  72.3181  0.01 
 66.2064  73  0.01 
 66  73.1999  0.01 
 65.0432  74  0.01 
 65  74.044  0.01 
 64  74.906  0.01 
 63.8693  75  0.01 
 63  75.805  0.01 
 62.7373  76  0.01 
 62  76.8176  0.01 
 61.794  77  0.01 
 61.2169  78  0.01 
 62  78.9379  0.01 
 63  78.9474  0.01 
 64  78.8066  0.01 
 65  78.5806  0.01 
 66  78.2971  0.01 
 66.8049  78  0.01 
 67  77.925  0.01 
 68  77.4648  0.01 
 68.9344  77  0.01 
 69  76.9665  0.01 
 70  76.3773  0.01 
 70.5964  76  0.01 
 71  75.7428  0.01 
 72  75.0256  0.01 
 72.0319  75  0.01 
 73  74.2242  0.01 
 73.2563  74  0.01 
 74  73.3478  0.01 
 74.363  73  0.01 
 75  72.3933  0.01 
 75.3739  72  0.01 
 76  71.3459  0.01 
 76.2952  71  0.01 
 77  70.1744  0.01 
 77.1339  70  0.01 
 77.8964  69  0.01 
 78  68.8621  0.01 
 78.5776  68  0.01 
 79  67.373  0.01 
 79.2272  67  0.01 
 79.8151  66  0.01 
 80  65.6695  0.01 
 80.3433  65  0.01 
 80.8412  64  0.01 
 81  63.6607  0.01 
 81.2786  63  0.01 
 81.6925  62  0.01 
 82  61.2226  0.01 
 82.0816  61  0.01 
 82.4327  60  0.01 
 82.7413  59  0.01 
 82.9979  58  0.01 
 83  57.9912  0.01 
 83.2268  57  0.01 
 83.4213  56  0.01 
 83.6115  55  0.01 
 83.7595  54  0.01 
 83.8487  53  0.01 
 83.9212  52  0.01 
 83.9885  51  0.01 
 84  50.6672  0.01 
 84.0212  50  0.01 

 84.0212  50  0.01 
 84  49.3328  0.01 
 83.9885  49  0.01 
 83.9212  48  0.01 
 83.8487  47  0.01 
 83.7595  46  0.01 
 83.6115  45  0.01 
 83.4213  44  0.01 
 83.2268  43  0.01 
 83  42.0088  0.01 
 82.9979  42  0.01 
 82.7413  41  0.01 
 82.4327  40  0.01 
 82.0816  39  0.01 
 82  38.7774  0.01 
 81.6925  38  0.01 
 81.2786  37  0.01 
 81  36.3393  0.01 
 80.8412  36  0.01 
 80.3433  35  0.01 
 80  34.3305  0.01 
 79.8151  34  0.01 
 79.2272  33  0.01 
 79  32.627  0.01 
 78.5776  32  0.01 
 78  31.1379  0.01 
 77.8964  31  0.01 
 77.1339  30  0.01 
 77  29.8256  0.01 
 76.2952  29  0.01 
 76  28.6541  0.01 
 75.3739  28  0.01 
 75  27.6067  0.01 
 74.363  27  0.01 
 74  26.6522  0.01 
 73.2563  26  0.01 
 73  25.7758  0.01 
 72.0319  25  0.01 
 72  24.9744  0.01 
 71  24.2572  0.01 
 70.5964  24  0.01 
 70  23.6227  0.01 
 69  23.0335  0.01 
 68.9344  23  0.01 
 68  22.5352  0.01 
 67  22.075  0.01 
 66.8049  22  0.01 
 66  21.7029  0.01 
 65  21.4194  0.01 
 64  21.1934  0.01 
 63  21.0526  0.01 
 62  21.0621  0.01 
 61.2169  22  0.01 
 61.794  23  0.01 
 62  23.1824  0.01 
 62.7373  24  0.01 
 63  24.195  0.01 
 63.8693  25  0.01 
 64  25.094  0.01 
 65  25.956  0.01 
 65.0432  26  0.01 
 66  26.8001  0.01 
 66.2064  27  0.01 
 67  27.6819  0.01 
 67.3075  28  0.01 
 68  28.6486  0.01 
 68.3261  29  0.01 
 69  29.6895  0.01 
 69.2681  30  0.01 
 70  30.8378  0.01 
 70.1342  31  0.01 
 70.9387  32  0.01 
 71  32.0774  0.01 
 71.6975  33  0.01 
 72  33.4412  0.01 
 72.3822  34  0.01 
 73  34.993  0.01 
 73.0042  35  0.01 
 73.5904  36  0.01 
 74  36.8064  0.01 
 74.1031  37  0.01 
 74.6022  38  0.01 
 75  38.9466  0.01 
 75.0235  39  0.01 
 75.446  40  0.01 
 75.7945  41  0.01 
 76  41.6655  0.01 
 76.1186  42  0.01 
 76.3961  43  0.01 
 76.6162  44  0.01 
 76.7979  45  0.01 
 76.9822  46  0.01 
 77  46.1191  0.01 
 77.148  47  0.01 
 77.2324  48  0.01 
 77.2645  49  0.01 
 77.2707  50  0.01 
 77.2645  51  0.01 
 77.2324  52  0.01 

 89.1078  75  0.01 
 89  74.2947  0.01 
 88.8951  75  0.01 
 89  75.1606  0.01 
 89.1078  75  0.01 

 95  54.2714  0.01 
 94.8921  55  0.01 
 94.7878  56  0.01 
 94.7715  57  0.01 
 94.6253  58  0.01 
 94.4306  59  0.01 
 94.1866  60  0.01 
 94  60.511  0.01 
 93.9088  61  0.01 
 93.7319  62  0.01 
 93.4894  63  0.01 
 93.1187  64  0.01 
 93  64.2676  0.01 
 92.8344  65  0.01 
 92.5502  66  0.01 
 92.1114  67  0.01 
 92  67.2025  0.01 
 91.7848  68  0.01 
 91.4269  69  0.01 
 91  69.7667  0.01 
 90.9233  70  0.01 
 90.6089  71  0.01 
 90  71.9367  0.01 
 89.9746  72  0.01 
 89.7109  73  0.01 
 89.2385  74  0.01 
 90  74.1388  0.01 
 90.0876  74  0.01 
 90.7153  73  0.01 
 91  72.7644  0.01 
 91.4199  72  0.01 
 92  71.223  0.01 
 92.1154  71  0.01 
 92.645  70  0.01 
 93  69.469  0.01 
 93.2082  69  0.01 
 93.645  68  0.01 
 94  67.4281  0.01 
 94.1865  67  0.01 
 94.566  66  0.01 
 95  65.1364  0.01 

 95  34.8636  0.01 
 94.566  34  0.01 
 94.1865  33  0.01 
 94  32.5719  0.01 
 93.645  32  0.01 
 93.2082  31  0.01 
 93  30.531  0.01 
 92.645  30  0.01 
 92.1154  29  0.01 
 92  28.777  0.01 
 91.4199  28  0.01 
 91  27.2356  0.01 
 90.7153  27  0.01 
 90.0876  26  0.01 
 90  25.8612  0.01 
 89.1078  25  0.01 
 89  24.8394  0.01 
 88.8951  25  0.01 
 89  25.7053  0.01 
 89.2385  26  0.01 
 89.7109  27  0.01 
 89.9746  28  0.01 
 90  28.0633  0.01 
 90.6089  29  0.01 
 90.9233  30  0.01 
 91  30.2333  0.01 
 91.4269  31  0.01 
 91.7848  32  0.01 
 92  32.7975  0.01 
 92.1114  33  0.01 
 92.5502  34  0.01 
 92.8344  35  0.01 
 93  35.7324  0.01 
 93.1187  36  0.01 
 93.4894  37  0.01 
 93.7319  38  0.01 
 93.9088  39  0.01 
 94  39.489  0.01 
 94.1866  40  0.01 
 94.4306  41  0.01 
 94.6253  42  0.01 
 94.7715  43  0.01 
 94.7878  44  0.01 
 94.8921  45  0.01 
 95  45.7286  0.01 


# Contour 5, label:    -0.01
 11.1049  25 -0.01 
 11  24.8394 -0.01 
 10.8922  25 -0.01 
 11  25.7053 -0.01 
 11.1049  25 -0.01 

 33.1951  78 -0.01 
 34  78.2971 -0.01 
 35  78.5806 -0.01 
 36  78.8066 -0.01 
 37  78.9474 -0.01 
 38  78.9379 -0.01 
 38.7831  78 -0.01 
 38.206  77 -0.01 
 38  76.8176 -0.01 
 37.2627  76 -0.01 
 37  75.805 -0.01 
 36.1307  75 -0.01 
 36  74.906 -0.01 
 35  74.044 -0.01 
 34.9568  74 -0.01 
 34  73.1999 -0.01 
 33.7936  73 -0.01 
 33  72.3181 -0.01 
 32.6925  72 -0.01 
 32  71.3514 -0.01 
 31.6739  71 -0.01 
 31  70.3105 -0.01 
 30.7319  70 -0.01 
 30  69.1622 -0.01 
 29.8658  69 -0.01 
 29.0613  68 -0.01 
 29  67.9226 -0.01 
 28.3025  67 -0.01 
 28  66.5588 -0.01 
 27.6178  66 -0.01 
 27  65.007 -0.01 
 26.9958  65 -0.01 
 26.4096  64 -0.01 
 26  63.1936 -0.01 
 25.8969  63 -0.01 
 25.3978  62 -0.01 
 25  61.0534 -0.01 
 24.9765  61 -0.01 
 24.554  60 -0.01 
 24.2055  59 -0.01 
 24  58.3345 -0.01 
 23.8814  58 -0.01 
 23.6039  57 -0.01 
 23.3838  56 -0.01 
 23.2021  55 -0.01 
 23.0178  54 -0.01 
 23  53.8809 -0.01 
 22.852  53 -0.01 
 22.7676  52 -0.01 
 22.7355  51 -0.01 
 22.7293  50 -0.01 
 22.7355  49 -0.01 
 22.7676  48 -0.01 
 22.852  47 -0.01 
 23  46.1191 -0.01 
 23.0178  46 -0.01 
 23.2021  45 -0.01 
 23.3838  44 -0.01 
 23.6039  43 -0.01 
 23.8814  42 -0.01 
 24  41.6655 -0.01 
 24.2055  41 -0.01 
 24.554  40 -0.01 
 24.9765  39 -0.01 
 25  38.9466 -0.01 
 25.3978  38 -0.01 
 25.8969  37 -0.01 
 26  36.8064 -0.01 
 26.4096  36 -0.01 
 26.9958  35 -0.01 
 27  34.993 -0.01 
 27.6178  34 -0.01 
 28  33.4412 -0.01 
 28.3025  33 -0.01 
 29  32.0774 -0.01 
 29.0613  32 -0.01 
 29.8658  31 -0.01 
 30  30.8378 -0.01 
 30.7319  30 -0.01 
 31  29.6895 -0.01 
 31.6739  29 -0.01 
 32  28.6486 -0.01 
 32.6925  28 -0.01 
 33  27.6819 -0.01 
 33.7936  27 -0.01 
 34  26.8001 -0.01 
 34.9568  26 -0.01 
 35  25.956 -0.01 
 36  25.094 -0.01 
 36.1307  25 -0.01 
 37  24.195 -0.01 
 37.2627  24 -0.01 
 38  23.1824 -0.01 
 38.206  23 -0.01 
 38.7831  22 -0.01 

 38.7831  22 -0.01 
 38  21.0621 -0.01 
 37  21.0526 -0.01 
 36  21.1934 -0.01 
 35  21.4194 -0.01 
 34  21.7029 -0.01 
 33.1951  22 -0.01 
 33  22.075 -0.01 
 32  22.5352 -0.01 
 31.0656  23 -0.01 
 31  23.0335 -0.01 
 30  23.6227 -0.01 
 29.4036  24 -0.01 
 29  24.2572 -0.01 
 28  24.9744 -0.01 
 27.9681  25 -0.01 
 27  25.7758 -0.01 
 26.7437  26 -0.01 
 26  26.6522 -0.01 
 25.637  27 -0.01 
 25  27.6067 -0.01 
 24.6261  28 -0.01 
 24  28.6541 -0.01 
 23.7048  29 -0.01 
 23  29.8256 -0.01 
 22.8661  30 -0.01 
 22.1036  31 -0.01 
 22  31.1379 -0.01 
 21.4224  32 -0.01 
 21  32.627 -0.01 
 20.7728  33 -0.01 
 20.1849  34 -0.01 
 20  34.3305 -0.01 
 19.6567  35 -0.01 
 19.1588  36 -0.01 
 19  36.3393 -0.01 
 18.7214  37 -0.01 
 18.3075  38 -0.01 
 18  38.7774 -0.01 
 17.9184  39 -0.01 
 17.5673  40 -0.01 
 17.2587  41 -0.01 
 17.0021  42 -0.01 
 17  42.0088 -0.01 
 16.7732  43 -0.01 
 16.5787  44 -0.01 
 16.3885  45 -0.01 
 16.2405  46 -0.01 
 16.1513  47 -0.01 
 16.0788  48 -0.01 
 16.0115  49 -0.01 
 16  49.3328 -0.01 
 15.9788  50 -0.01 
 16  50.6672 -0.01 
 16.0115  51 -0.01 
 16.0788  52 -0.01 
 16.1513  53 -0.01 
 16.2405  54 -0.01 
 16.3885  55 -0.01 
 16.5787  56 -0.01 
 16.7732  57 -0.01 
 17  57.9912 -0.01 
 17.0021  58 -0.01 
 17.2587  59 -0.01 
 17.5673  60 -0.01 
 17.9184  61 -0.01 
 18  61.2226 -0.01 
 18.3075  62 -0.01 
 18.7214  63 -0.01 
 19  63.6607 -0.01 
 19.1588  64 -0.01 
 19.6567  65 -0.01 
 20  65.6695 -0.01 
 20.1849  66 -0.01 
 20.7728  67 -0.01 
 21  67.373 -0.01 
 21.4224  68 -0.01 
 22  68.8621 -0.01 
 22.1036  69 -0.01 
 22.8661  70 -0.01 
 23  70.1744 -0.01 
 23.7048  71 -0.01 
 24  71.3459 -0.01 
 24.6261  72 -0.01 
 25  72.3933 -0.01 
 25.637  73 -0.01 
 26  73.3478 -0.01 
 26.7437  74 -0.01 
 27  74.2242 -0.01 
 27.9681  75 -0.01 
 28  75.0256 -0.01 
 29  75.7428 -0.01 
 29.4036  76 -0.01 
 30  76.3773 -0.01 
 31  76.9665 -0.01 
 31.0656  77 -0.01 
 32  77.4648 -0.01 
 33  77.925 -0.01 
 33.1951  78 -0.01 

 48.0811  40 -0.01 
 48.2701  39 -0.01 
 48.1968  38 -0.01 

 48.1968  38 -0.01 
 48  37.2322 -0.01 
 47.9262  37 -0.01 
 47.2345  36 -0.01 
 47  35.7895 -0.01 
 46  35.3099 -0.01 
 45  35.2336 -0.01 
 44  35.3226 -0.01 
 43  35.5285 -0.01 
 42  35.9038 -0.01 
 41.8166  36 -0.01 
 41  36.3822 -0.01 
 40  36.9631 -0.01 
 39.9513  37 -0.01 
 39  37.6825 -0.01 
 38.6468  38 -0.01 
 38  38.571 -0.01 
 37.5878  39 -0.01 
 37  39.6379 -0.01 
 36.7089  40 -0.01 
 36  40.9591 -0.01 
 35.9726  41 -0.01 
 35.3565  42 -0.01 
 35  42.6566 -0.01 
 34.8259  43 -0.01 
 34.3791  44 -0.01 
 34  44.9993 -0.01 
 33.6995  46 -0.01 
 33.4829  47 -0.01 
 33.3447  48 -0.01 
 33.2669  49 -0.01 
 33.2356  50 -0.01 
 33.2669  51 -0.01 
 33.3447  52 -0.01 
 33.4829  53 -0.01 
 33.6995  54 -0.01 
 33.9997  55 -0.01 
 34.3791  56 -0.01 
 34.8259  57 -0.01 
 35  57.3434 -0.01 
 35.3565  58 -0.01 
 35.9726  59 -0.01 
 36  59.0409 -0.01 
 36.7089  60 -0.01 
 37  60.3621 -0.01 
 37.5878  61 -0.01 
 38  61.429 -0.01 
 38.6468  62 -0.01 
 39  62.3175 -0.01 
 39.9513  63 -0.01 
 40  63.0369 -0.01 
 41  63.6178 -0.01 
 41.8166  64 -0.01 
 42  64.0962 -0.01 
 43  64.4715 -0.01 
 44  64.6774 -0.01 
 45  64.7664 -0.01 
 46  64.6901 -0.01 
 47  64.2105 -0.01 
 47.2345  64 -0.01 
 47.9262  63 -0.01 
 48  62.7678 -0.01 
 48.1968  62 -0.01 
 48.2701  61 -0.01 
 48.0811  60 -0.01 
 48  59.8638 -0.01 
 47.4734  59 -0.01 
 47  58.6652 -0.01 
 46.2462  58 -0.01 
 46  57.8726 -0.01 
 45  57.0582 -0.01 
 44.9488  57 -0.01 
 44  56.0702 -0.01 
 43.945  56 -0.01 
 43.1574  55 -0.01 
 43  54.7647 -0.01 
 42.557  54 -0.01 
 42.1468  53 -0.01 
 42  52.4652 -0.01 
 41.8599  52 -0.01 
 41.6877  51 -0.01 
 41.6316  50 -0.01 
 41.6877  49 -0.01 
 41.8599  48 -0.01 
 42  47.5348 -0.01 
 42.1468  47 -0.01 
 42.557  46 -0.01 
 43  45.2353 -0.01 
 43.1574  45 -0.01 
 43.945  44 -0.01 
 44  43.9298 -0.01 
 44.9488  43 -0.01 
 45  42.9418 -0.01 
 46  42.1274 -0.01 
 46.2462  42 -0.01 
 47  41.3348 -0.01 
 47.4734  41 -0.01 
 48  40.1362 -0.01 
 48.0811  40 -0.01 

 57.1976  47 -0.01 
 57  46.5973 -0.01 
 56.6766  46 -0.01 
 56  45.0874 -0.01 
 55.9155  45 -0.01 
 55  44.127 -0.01 
 54.7766  44 -0.01 
 54  43.4772 -0.01 
 53  43.1471 -0.01 
 52  43.0921 -0.01 
 51  43.4741 -0.01 
 50.6792  44 -0.01 
 50.3399  45 -0.01 
 50.1737  46 -0.01 
 50.083  47 -0.01 
 50.0404  48 -0.01 
 50.0261  49 -0.01 
 50.0233  50 -0.01 
 50.0261  51 -0.01 
 50.0404  52 -0.01 
 50.083  53 -0.01 
 50.1737  54 -0.01 
 50.3399  55 -0.01 
 50.6792  56 -0.01 
 51  56.5259 -0.01 
 52  56.9079 -0.01 
 53  56.8529 -0.01 
 54  56.5228 -0.01 
 54.7766  56 -0.01 
 55  55.873 -0.01 
 55.9155  55 -0.01 
 56  54.9126 -0.01 
 56.6766  54 -0.01 
 57  53.4027 -0.01 
 57.1976  53 -0.01 
 57.535  52 -0.01 
 57.7198  51 -0.01 
 57.7772  50 -0.01 
 57.7198  49 -0.01 
 57.535  48 -0.01 
 57.1976  47 -0.01 

 60  65.7267 -0.01 
 59.6177  66 -0.01 
 59  66.5545 -0.01 
 58.3392  67 -0.01 
 58  67.3125 -0.01 
 57.0692  68 -0.01 
 57  68.0844 -0.01 
 56.0876  69 -0.01 
 56  69.1869 -0.01 
 55.5839  70 -0.01 
 55.7039  71 -0.01 
 56  71.3106 -0.01 
 57  71.9478 -0.01 
 57.2143  72 -0.01 
 58  72.1127 -0.01 
 59  72.0845 -0.01 
 59.6883  72 -0.01 
 60  71.9617 -0.01 
 61  71.6995 -0.01 
 62  71.3418 -0.01 
 62.7795  71 -0.01 
 63  70.9041 -0.01 
 64  70.3849 -0.01 
 64.6518  70 -0.01 
 65  69.7979 -0.01 
 66  69.1174 -0.01 
 66.1462  69 -0.01 
 67  68.3221 -0.01 
 67.3637  68 -0.01 
 68  67.434 -0.01 
 68.4394  67 -0.01 
 69  66.4428 -0.01 
 69.3982  66 -0.01 
 70  65.3231 -0.01 
 70.2517  65 -0.01 
 71  64.0165 -0.01 
 71.0115  64 -0.01 
 71.6736  63 -0.01 
 72  62.4935 -0.01 
 72.2851  62 -0.01 
 72.8213  61 -0.01 
 73  60.6484 -0.01 
 73.3113  60 -0.01 
 73.7394  59 -0.01 
 74  58.3248 -0.01 
 74.1188  58 -0.01 
 74.4221  57 -0.01 
 74.6967  56 -0.01 
 74.9272  55 -0.01 
 75  54.6429 -0.01 
 75.1237  54 -0.01 
 75.2647  53 -0.01 
 75.3409  52 -0.01 
 75.4032  51 -0.01 
 75.4356  50 -0.01 
 75.4032  49 -0.01 
 75.3409  48 -0.01 
 75.2647  47 -0.01 
 75.1237  46 -0.01 

 75.1237  46 -0.01 
 75  45.3571 -0.01 
 74.9272  45 -0.01 
 74.6967  44 -0.01 
 74.4221  43 -0.01 
 74.1188  42 -0.01 
 74  41.6752 -0.01 
 73.7394  41 -0.01 
 73.3113  40 -0.01 
 73  39.3516 -0.01 
 72.8213  39 -0.01 
 72.2851  38 -0.01 
 72  37.5065 -0.01 
 71.6736  37 -0.01 
 71.0115  36 -0.01 
 71  35.9835 -0.01 
 70.2517  35 -0.01 
 70  34.6769 -0.01 
 69.3982  34 -0.01 
 69  33.5572 -0.01 
 68.4394  33 -0.01 
 68  32.566 -0.01 
 67.3637  32 -0.01 
 67  31.6779 -0.01 
 66.1462  31 -0.01 
 66  30.8826 -0.01 
 65  30.2021 -0.01 
 64.6518  30 -0.01 
 64  29.6151 -0.01 
 63  29.0959 -0.01 
 62.7795  29 -0.01 
 62  28.6582 -0.01 
 61  28.3005 -0.01 
 60  28.0383 -0.01 
 59.6883  28 -0.01 
 59  27.9155 -0.01 
 58  27.8873 -0.01 
 57.2143  28 -0.01 
 57  28.0522 -0.01 
 56  28.6894 -0.01 
 55.7039  29 -0.01 
 55.5839  30 -0.01 
 56  30.8131 -0.01 
 56.0876  31 -0.01 
 57  31.9156 -0.01 
 57.0692  32 -0.01 
 58  32.6875 -0.01 
 58.3392  33 -0.01 
 59  33.4455 -0.01 
 59.6177  34 -0.01 
 60  34.2733 -0.01 
 60.8319  35 -0.01 
 61  35.13 -0.01 
 61.8926  36 -0.01 
 62  36.0987 -0.01 
 62.8702  37 -0.01 
 63  37.1329 -0.01 
 63.722  38 -0.01 
 64  38.3481 -0.01 
 64.4697  39 -0.01 
 65  39.8011 -0.01 
 65.1247  40 -0.01 
 65.6978  41 -0.01 
 66  41.6156 -0.01 
 66.1926  42 -0.01 
 66.6236  43 -0.01 
 66.9718  44 -0.01 
 67  44.0913 -0.01 
 67.2983  45 -0.01 
 67.557  46 -0.01 
 67.7456  47 -0.01 
 67.8872  48 -0.01 
 67.9732  49 -0.01 
 68  49.9121 -0.01 
 68.0029  50 -0.01 
 68  50.0879 -0.01 
 67.9732  51 -0.01 
 67.8872  52 -0.01 
 67.7456  53 -0.01 
 67.557  54 -0.01 
 67.2983  55 -0.01 
 67  55.9087 -0.01 
 66.9718  56 -0.01 
 66.6236  57 -0.01 
 66.1926  58 -0.01 
 66  58.3844 -0.01 
 65.6978  59 -0.01 
 65.1247  60 -0.01 
 65  60.1989 -0.01 
 64.4697  61 -0.01 
 64  61.6519 -0.01 
 63.722  62 -0.01 
 63  62.8671 -0.01 
 62.8702  63 -0.01 
 62  63.9013 -0.01 
 61.8926  64 -0.01 
 61  64.87 -0.01 
 60.8319  65 -0.01 
 60  65.7267 -0.01 

 88.0201  69 -0.01 
 88.487  68 -0.01 
 89  67.0428 -0.01 
 89.0192  67 -0.01 
 89.4212  66 -0.01 
 89.8615  65 -0.01 
 90  64.6987 -0.01 
 90.2476  64 -0.01 
 90.5784  63 -0.01 
 90.9367  62 -0.01 
 91  61.8119 -0.01 
 91.2057  61 -0.01 
 91.4724  60 -0.01 
 91.736  59 -0.01 
 91.9888  58 -0.01 
 92  57.9492 -0.01 
 92.1408  57 -0.01 
 92.2783  56 -0.01 
 92.4365  55 -0.01 
 92.5786  54 -0.01 
 92.561  53 -0.01 
 92.5582  52 -0.01 
 92.8127  51 -0.01 
 93  50.0183 -0.01 
 93.0023  50 -0.01 

 85  39.5902 -0.01 
 85.1403  40 -0.01 
 85.4336  41 -0.01 
 85.6925  42 -0.01 
 85.8918  43 -0.01 
 86  43.6549 -0.01 
 86.0618  44 -0.01 
 86.2161  45 -0.01 
 86.3495  46 -0.01 
 86.4641  47 -0.01 
 86.5154  48 -0.01 
 86.5517  49 -0.01 
 86.5764  50 -0.01 
 86.5517  51 -0.01 
 86.5154  52 -0.01 
 86.4641  53 -0.01 
 86.3495  54 -0.01 
 86.2161  55 -0.01 
 86.0618  56 -0.01 
 86  56.3451 -0.01 
 85.8918  57 -0.01 
 85.6925  58 -0.01 
 85.4336  59 -0.01 
 85.1403  60 -0.01 
 85  60.4098 -0.01 
 84.8229  61 -0.01 
 84.5274  62 -0.01 
 84.1721  63 -0.01 
 84  63.4135 -0.01 
 83.787  64 -0.01 
 83.3848  65 -0.01 
 83  65.7713 -0.01 
 82.8969  66 -0.01 
 82.4372  67 -0.01 
 82  67.7704 -0.01 
 81.8805  68 -0.01 
 81.3509  69 -0.01 
 81  69.5648 -0.01 
 80.7462  70 -0.01 
 80.1084  71 -0.01 
 80  71.1636 -0.01 
 79.4715  72 -0.01 
 79  72.6517 -0.01 
 78.7511  73 -0.01 
 78  73.9741 -0.01 
 77.9796  74 -0.01 
 77.2051  75 -0.01 
 77  75.2567 -0.01 
 76.3821  76 -0.01 
 76  76.4536 -0.01 
 75.5047  77 -0.01 
 75  77.5767 -0.01 
 74.5916  78 -0.01 
 74  78.6515 -0.01 
 73.6367  79 -0.01 
 73  79.6897 -0.01 
 72.6605  80 -0.01 
 72  80.7162 -0.01 
 71.6736  81 -0.01 
 71  81.7726 -0.01 
 70.7475  82 -0.01 
 70.0023  83 -0.01 
 70  83.0125 -0.01 
 69.7715  84 -0.01 
 70  84.3693 -0.01 
 71  84.7744 -0.01 
 72  84.5378 -0.01 
 73  84.2052 -0.01 
 73.4817  84 -0.01 
 74  83.7357 -0.01 
 75  83.1854 -0.01 
 75.3031  83 -0.01 
 76  82.5408 -0.01 
 76.8251  82 -0.01 
 77  81.8764 -0.01 
 78  81.1241 -0.01 
 78.1495  81 -0.01 
 79  80.2881 -0.01 
 79.3259  80 -0.01 
 80  79.4009 -0.01 
 80.4143  79 -0.01 
 81  78.4457 -0.01 
 81.4299  78 -0.01 
 82  77.4198 -0.01 
 82.3681  77 -0.01 
 83  76.3098 -0.01 
 83.2549  76 -0.01 
 84  75.116 -0.01 
 84.0868  75 -0.01 
 84.8369  74 -0.01 
 85  73.7936 -0.01 
 85.5316  73 -0.01 
 86  72.3588 -0.01 
 86.2245  72 -0.01 
 86.8498  71 -0.01 
 87  70.775 -0.01 
 87.4243  70 -0.01 
 88  69.0394 -0.01 
 88.0201  69 -0.01 

 93.0023  50 -0.01 
 93  49.9817 -0.01 
 92.8127  49 -0.01 
 92.5582  48 -0.01 
 92.561  47 -0.01 
 92.5786  46 -0.01 
 92.4365  45 -0.01 
 92.2783  44 -0.01 
 92.1408  43 -0.01 
 92  42.0508 -0.01 
 91.9888  42 -0.01 
 91.736  41 -0.01 
 91.4724  40 -0.01 
 91.2057  39 -0.01 
 91  38.1881 -0.01 
 90.9367  38 -0.01 
 90.5784  37 -0.01 
 90.2476  36 -0.01 
 90  35.3013 -0.01 
 89.8615  35 -0.01 
 89.4212  34 -0.01 
 89.0192  33 -0.01 
 89  32.9572 -0.01 
 88.487  32 -0.01 
 88.0201  31 -0.01 
 88  30.9606 -0.01 
 87.4243  30 -0.01 
 87  29.225 -0.01 
 86.8498  29 -0.01 
 86.2245  28 -0.01 
 86  27.6412 -0.01 
 85.5316  27 -0.01 
 85  26.2064 -0.01 
 84.8369  26 -0.01 
 84.0868  25 -0.01 
 84  24.884 -0.01 
 83.2549  24 -0.01 
 83  23.6902 -0.01 
 82.3681  23 -0.01 
 82  22.5802 -0.01 
 81.4299  22 -0.01 
 81  21.5543 -0.01 
 80.4143  21 -0.01 
 80  20.5991 -0.01 
 79.3259  20 -0.01 
 79  19.7119 -0.01 
 78.1495  19 -0.01 
 78  18.8759 -0.01 
 77  18.1236 -0.01 
 76.8251  18 -0.01 
 76  17.4592 -0.01 
 75.3031  17 -0.01 
 75  16.8146 -0.01 
 74  16.2643 -0.01 
 73.4817  16 -0.01 
 73  15.7948 -0.01 
 72  15.4622 -0.01 
 71  15.2256 -0.01 
 70  15.6307 -0.01 
 69.7715  16 -0.01 
 70  16.9875 -0.01 
 70.0023  17 -0.01 
 70.7475  18 -0.01 
 71  18.2274 -0.01 
 71.6736  19 -0.01 
 72  19.2838 -0.01 
 72.6605  20 -0.01 
 73  20.3103 -0.01 
 73.6367  21 -0.01 
 74  21.3485 -0.01 
 74.5916  22 -0.01 
 75  22.4233 -0.01 
 75.5047  23 -0.01 
 76  23.5464 -0.01 
 76.3821  24 -0.01 
 77  24.7433 -0.01 
 77.2051  25 -0.01 
 77.9796  26 -0.01 
 78  26.0259 -0.01 
 78.7511  27 -0.01 
 79  27.3483 -0.01 
 79.4715  28 -0.01 
 80  28.8364 -0.01 
 80.1084  29 -0.01 
 80.7462  30 -0.01 
 81  30.4352 -0.01 
 81.3509  31 -0.01 
 81.8805  32 -0.01 
 82  32.2296 -0.01 
 82.4372  33 -0.01 
 82.8969  34 -0.01 
 83  34.2287 -0.01 
 83.3848  35 -0.01 
 83.787  36 -0.01 
 84  36.5865 -0.01 
 84.1721  37 -0.01 
 84.5274  38 -0.01 
 84.8229  39 -0.01 
 85  39.5902 -0.01 

 5  54.2714 -0.01 
 5.10787  55 -0.01 
 5.21223  56 -0.01 
 5.22846  57 -0.01 
 5.3747  58 -0.01 
 5.5694  59 -0.01 
 5.81339  60 -0.01 
 6  60.511 -0.01 
 6.0912  61 -0.01 
 6.26814  62 -0.01 
 6.51062  63 -0.01 
 6.88134  64 -0.01 
 7  64.2676 -0.01 
 7.16561  65 -0.01 
 7.44982  66 -0.01 
 7.88863  67 -0.01 
 8  67.2025 -0.01 
 8.21523  68 -0.01 
 8.57314  69 -0.01 
 9  69.7667 -0.01 
 9.07669  70 -0.01 
 9.39109  71 -0.01 
 10  71.9367 -0.01 
 10.0254  72 -0.01 
 10.2891  73 -0.01 
 10.7615  74 -0.01 
 11  74.2947 -0.01 
 11.1049  75 -0.01 
 11  75.1606 -0.01 
 10.8922  75 -0.01 
 10  74.1388 -0.01 
 9.91244  74 -0.01 
 9.28474  73 -0.01 
 9  72.7644 -0.01 
 8.58006  72 -0.01 
 8  71.223 -0.01 
 7.88461  71 -0.01 
 7.35504  70 -0.01 
 7  69.469 -0.01 
 6.79178  69 -0.01 
 6.35504  68 -0.01 
 6  67.4281 -0.01 
 5.81345  67 -0.01 
 5.43397  66 -0.01 
 5  65.1364 -0.01 

 5  34.8636 -0.01 
 5.43397  34 -0.01 
 5.81345  33 -0.01 
 6  32.5719 -0.01 
 6.35504  32 -0.01 
 6.79178  31 -0.01 
 7  30.531 -0.01 
 7.35504  30 -0.01 
 7.88461  29 -0.01 
 8  28.777 -0.01 
 8.58006  28 -0.01 
 9  27.2356 -0.01 
 9.28474  27 -0.01 
 9.91244  26 -0.01 
 10  25.8612 -0.01 
 10.7615  26 -0.01 
 10.2891  27 -0.01 
 10.0254  28 -0.01 
 10  28.0633 -0.01 
 9.39109  29 -0.01 
 9.07669  30 -0.01 
 9  30.2333 -0.01 
 8.57314  31 -0.01 
 8.21523  32 -0.01 
 8  32.7975 -0.01 
 7.88863  33 -0.01 
 7.44982  34 -0.01 
 7.16561  35 -0.01 
 7  35.7324 -0.01 
 6.88134  36 -0.01 
 6.51062  37 -0.01 
 6.26814  38 -0.01 
 6.0912  39 -0.01 
 6  39.489 -0.01 
 5.81339  40 -0.01 
 5.5694  41 -0.01 
 5.3747  42 -0.01 
 5.22846  43 -0.01 
 5.21223  44 -0.01 
 5.10787  45 -0.01 
 5  45.7286 -0.01 


# Contour 6, label:    -0.03
 44.5983  39 -0.03 
 44  38.5072 -0.03 
 43  38.2476 -0.03 
 42  38.3388 -0.03 
 41  38.646 -0.03 
 40.2813  39 -0.03 
 40  39.1375 -0.03 
 39  39.8112 -0.03 
 38.7881  40 -0.03 
 38  40.7111 -0.03 
 37.7425  41 -0.03 
 37  41.8693 -0.03 
 36.9086  42 -0.03 
 36.2678  43 -0.03 
 36  43.4589 -0.03 
 35.7248  44 -0.03 
 35.2798  45 -0.03 
 35  45.7385 -0.03 
 34.9112  46 -0.03 
 34.6564  47 -0.03 
 34.5009  48 -0.03 
 34.3993  49 -0.03 
 34.355  50 -0.03 
 34.3993  51 -0.03 
 34.5009  52 -0.03 
 34.6564  53 -0.03 
 34.9112  54 -0.03 
 35  54.2615 -0.03 
 35.2798  55 -0.03 
 35.7248  56 -0.03 
 36  56.5411 -0.03 
 36.2678  57 -0.03 
 36.9086  58 -0.03 
 37  58.1307 -0.03 
 37.7425  59 -0.03 
 38  59.2889 -0.03 
 38.7881  60 -0.03 
 39  60.1888 -0.03 
 40  60.8625 -0.03 
 40.2813  61 -0.03 
 41  61.354 -0.03 
 42  61.6612 -0.03 
 43  61.7524 -0.03 
 44  61.4928 -0.03 
 44.5983  61 -0.03 
 44.8493  60 -0.03 
 44.5738  59 -0.03 
 44.0333  58 -0.03 
 44  57.9607 -0.03 
 43.3496  57 -0.03 
 43  56.5089 -0.03 
 42.6988  56 -0.03 
 42.1526  55 -0.03 
 42  54.6711 -0.03 
 41.6929  54 -0.03 
 41.3496  53 -0.03 
 41.1402  52 -0.03 
 41.0162  51 -0.03 
 41  50.6811 -0.03 
 40.9559  50 -0.03 
 41  49.3189 -0.03 
 41.0162  49 -0.03 
 41.1402  48 -0.03 
 41.3496  47 -0.03 
 41.6929  46 -0.03 
 42  45.3289 -0.03 
 42.1526  45 -0.03 
 42.6988  44 -0.03 
 43  43.4911 -0.03 
 43.3496  43 -0.03 
 44  42.0393 -0.03 
 44.0333  42 -0.03 
 44.5738  41 -0.03 
 44.8493  40 -0.03 
 44.5983  39 -0.03 

 57.196  49 -0.03 
 57  48.164 -0.03 
 56.9645  48 -0.03 
 56.5889  47 -0.03 
 56  46.0605 -0.03 
 55.9536  46 -0.03 
 55  45.0223 -0.03 
 54.963  45 -0.03 
 54  44.3937 -0.03 
 53  44.1516 -0.03 
 52  44.2465 -0.03 
 51.0304  45 -0.03 
 51  45.0206 -0.03 
 50.521  46 -0.03 
 50.2491  47 -0.03 
 50.1211  48 -0.03 
 50.0783  49 -0.03 
 50.0699  50 -0.03 
 50.0783  51 -0.03 
 50.1211  52 -0.03 
 50.2491  53 -0.03 
 50.521  54 -0.03 
 51  54.9794 -0.03 
 51.0304  55 -0.03 
 52  55.7535 -0.03 
 53  55.8484 -0.03 
 54  55.6063 -0.03 
 54.963  55 -0.03 
 55  54.9777 -0.03 
 55.9536  54 -0.03 
 56  53.9395 -0.03 
 56.5889  53 -0.03 
 56.9645  52 -0.03 
 57  51.836 -0.03 
 57.196  51 -0.03 
 57.2784  50 -0.03 
 57.196  49 -0.03 

 73.0902  46 -0.03 
 73  45.5945 -0.03 
 72.8194  45 -0.03 
 72.4901  44 -0.03 
 72.163  43 -0.03 
 72  42.5343 -0.03 
 71.7271  42 -0.03 
 71.2449  41 -0.03 
 71  40.5048 -0.03 
 70.6536  40 -0.03 
 70  39.0037 -0.03 
 69.9964  39 -0.03 
 69.1456  38 -0.03 
 69  37.8182 -0.03 
 68.072  37 -0.03 
 68  36.9327 -0.03 
 67  36.6025 -0.03 
 66.6959  37 -0.03 
 66.8522  38 -0.03 
 67  38.4178 -0.03 
 67.2303  39 -0.03 
 67.6179  40 -0.03 
 67.9527  41 -0.03 
 68  41.1443 -0.03 
 68.3495  42 -0.03 
 68.6329  43 -0.03 
 68.8501  44 -0.03 
 69  44.8269 -0.03 
 69.0436  45 -0.03 
 69.2813  46 -0.03 
 69.4448  47 -0.03 
 69.552  48 -0.03 
 69.5992  49 -0.03 
 69.6121  50 -0.03 
 69.5992  51 -0.03 
 69.552  52 -0.03 
 69.4448  53 -0.03 
 69.2813  54 -0.03 
 69.0436  55 -0.03 
 69  55.1731 -0.03 
 68.8501  56 -0.03 
 68.6329  57 -0.03 
 68.3495  58 -0.03 
 68  58.8557 -0.03 
 67.9527  59 -0.03 
 67.6179  60 -0.03 
 67.2303  61 -0.03 
 67  61.5822 -0.03 
 66.8522  62 -0.03 
 66.6959  63 -0.03 
 67  63.3975 -0.03 
 68  63.0673 -0.03 
 68.072  63 -0.03 
 69  62.1818 -0.03 
 69.1456  62 -0.03 
 69.9964  61 -0.03 
 70  60.9963 -0.03 
 70.6536  60 -0.03 
 71  59.4952 -0.03 
 71.2449  59 -0.03 
 71.7271  58 -0.03 
 72  57.4657 -0.03 
 72.163  57 -0.03 
 72.4901  56 -0.03 
 72.8194  55 -0.03 
 73  54.4055 -0.03 
 73.0902  54 -0.03 
 73.2526  53 -0.03 
 73.3554  52 -0.03 
 73.4481  51 -0.03 
 73.4982  50 -0.03 
 73.4481  49 -0.03 
 73.3554  48 -0.03 
 73.2526  47 -0.03 
 73.0902  46 -0.03 


# Contour 7, label:    -0.05
 41.2492  42 -0.05 
 41  41.727 -0.05 
 40  41.7416 -0.05 
 39.5388  42 -0.05 
 39  42.2973 -0.05 
 38.2249  43 -0.05 
 38  43.1997 -0.05 
 37.3935  44 -0.05 
 37  44.5408 -0.05 
 36.764  45 -0.05 
 36.3255  46 -0.05 
 36  46.9807 -0.05 
 35.9948  47 -0.05 
 35.7979  48 -0.05 
 35.6521  49 -0.05 
 35.5911  50 -0.05 
 35.6521  51 -0.05 
 35.7979  52 -0.05 
 35.9948  53 -0.05 
 36  53.0193 -0.05 
 36.3255  54 -0.05 
 36.764  55 -0.05 
 37  55.4592 -0.05 
 37.3935  56 -0.05 
 38  56.8003 -0.05 
 38.2249  57 -0.05 
 39  57.7027 -0.05 
 39.5388  58 -0.05 
 40  58.2584 -0.05 
 41  58.273 -0.05 
 41.2492  58 -0.05 
 41.3462  57 -0.05 
 41.1508  56 -0.05 
 41  55.4475 -0.05 
 40.8598  55 -0.05 
 40.5402  54 -0.05 
 40.3044  53 -0.05 
 40.1493  52 -0.05 
 40.0974  51 -0.05 
 40.0967  50 -0.05 
 40.0974  49 -0.05 
 40.1493  48 -0.05 
 40.3044  47 -0.05 
 40.5402  46 -0.05 
 40.8598  45 -0.05 
 41  44.5525 -0.05 
 41.1508  44 -0.05 
 41.3462  43 -0.05 
 41.2492  42 -0.05 

 56.0005  47 -0.05 
 55.234  46 -0.05 
 55  45.7601 -0.05 
 54  45.1236 -0.05 
 53.457  45 -0.05 
 53  44.8699 -0.05 
 52.2955  45 -0.05 
 52  45.0368 -0.05 
 51  45.7308 -0.05 
 50.8683  46 -0.05 
 50.4152  47 -0.05 
 50.2019  48 -0.05 
 50.1306  49 -0.05 
 50.1165  50 -0.05 
 50.1306  51 -0.05 
 50.2019  52 -0.05 
 50.4152  53 -0.05 
 50.8683  54 -0.05 
 51  54.2692 -0.05 
 52  54.9632 -0.05 
 52.2955  55 -0.05 
 53  55.1301 -0.05 
 53.457  55 -0.05 
 54  54.8764 -0.05 
 55  54.2399 -0.05 
 55.234  54 -0.05 
 56  53.0007 -0.05 
 56.4812  52 -0.05 
 56.7372  51 -0.05 
 56.8229  50 -0.05 
 56.7372  49 -0.05 
 56.4812  48 -0.05 
 56.0005  47 -0.05 


# Contour 8, label:    -0.07
 56.3173  49 -0.07 
 56  48.0057 -0.07 
 55.9982  48 -0.07 
 55.4669  47 -0.07 
 55  46.4354 -0.07 
 54.4378  46 -0.07 
 54  45.6981 -0.07 
 53  45.3967 -0.07 
 52  45.5218 -0.07 
 51.3864  46 -0.07 
 51  46.1977 -0.07 
 50.5813  47 -0.07 
 50.2826  48 -0.07 
 50.1828  49 -0.07 
 50.1631  50 -0.07 
 50.1828  51 -0.07 
 50.2826  52 -0.07 
 50.5813  53 -0.07 
 51  53.8023 -0.07 
 51.3864  54 -0.07 
 52  54.4782 -0.07 
 53  54.6033 -0.07 
 54  54.3019 -0.07 
 54.4378  54 -0.07 
 55  53.5646 -0.07 
 55.4669  53 -0.07 
 55.9982  52 -0.07 
 56  51.9943 -0.07 
 56.3173  51 -0.07 
 56.4219  50 -0.07 
 56.3173  49 -0.07 


# Contour 9, label:    -0.09
 56.021  50 -0.09 
 56  49.8235 -0.09 
 55.9145  49 -0.09 
 55.5828  48 -0.09 
 55  47.0816 -0.09 
 54.932  47 -0.09 
 54  46.2174 -0.09 
 53.3411  46 -0.09 
 53  45.881 -0.09 
 52.0538  46 -0.09 
 52  46.0037 -0.09 
 51  46.516 -0.09 
 50.7474  47 -0.09 
 50.3634  48 -0.09 
 50.235  49 -0.09 
 50.2097  50 -0.09 
 50.235  51 -0.09 
 50.3634  52 -0.09 
 50.7474  53 -0.09 
 51  53.484 -0.09 
 52  53.9963 -0.09 
 52.0538  54 -0.09 
 53  54.119 -0.09 
 53.3411  54 -0.09 
 54  53.7826 -0.09 
 54.932  53 -0.09 
 55  52.9184 -0.09 
 55.5828  52 -0.09 
 55.9145  51 -0.09 
 56  50.1765 -0.09 
 56.021  50 -0.09 


# Contour 10, label:    -0.11
 55.1674  48 -0.11 
 55  47.7362 -0.11 
 54.3864  47 -0.11 
 54  46.6755 -0.11 
 53  46.2456 -0.11 
 52  46.2676 -0.11 
 51  46.8343 -0.11 
 50.9135  47 -0.11 
 50.4441  48 -0.11 
 50.2873  49 -0.11 
 50.2563  50 -0.11 
 50.2873  51 -0.11 
 50.4441  52 -0.11 
 50.9135  53 -0.11 
 51  53.1657 -0.11 
 52  53.7324 -0.11 
 53  53.7544 -0.11 
 54  53.3245 -0.11 
 54.3864  53 -0.11 
 55  52.2638 -0.11 
 55.1674  52 -0.11 
 55.5644  51 -0.11 
 55.69  50 -0.11 
 55.5644  49 -0.11 
 55.1674  48 -0.11 


# Contour 11, label:    -0.13
 55.2144  49 -0.13 
 55  48.4937 -0.13 
 54.7843  48 -0.13 
 54  47.1185 -0.13 
 53.8186  47 -0.13 
 53  46.5712 -0.13 
 52  46.5316 -0.13 
 51.2127  47 -0.13 
 51  47.0753 -0.13 
 50.5249  48 -0.13 
 50.3395  49 -0.13 
 50.303  50 -0.13 
 50.3395  51 -0.13 
 50.5249  52 -0.13 
 51  52.9247 -0.13 
 51.2127  53 -0.13 
 52  53.4684 -0.13 
 53  53.4288 -0.13 
 53.8186  53 -0.13 
 54  52.8815 -0.13 
 54.7843  52 -0.13 
 55  51.5063 -0.13 
 55.2144  51 -0.13 
 55.3628  50 -0.13 
 55.2144  49 -0.13 


# Contour 12, label:    -0.15
 55.0356  50 -0.15 
 55  49.7807 -0.15 
 54.898  49 -0.15 
 54.423  48 -0.15 
 54  47.5245 -0.15 
 53.197  47 -0.15 
 53  46.8968 -0.15 
 52  46.7956 -0.15 
 51.6563  47 -0.15 
 51  47.2325 -0.15 
 50.6056  48 -0.15 
 50.3917  49 -0.15 
 50.3496  50 -0.15 
 50.3917  51 -0.15 
 50.6056  52 -0.15 
 51  52.7675 -0.15 
 51.6563  53 -0.15 
 52  53.2044 -0.15 
 53  53.1032 -0.15 
 53.197  53 -0.15 
 54  52.4755 -0.15 
 54.423  52 -0.15 
 54.898  51 -0.15 
 55  50.2193 -0.15 
 55.0356  50 -0.15 

