0 0.175661
0.0634665 0.17429
0.126933 0.175678
0.1904 0.176434
0.253866 0.181689
0.317333 0.184306
0.380799 0.178686
0.444266 0.176661
0.507732 0.176694
0.571199 0.18037
0.634665 0.178982
0.698132 0.17822
0.761598 0.18331
0.825065 0.183715
0.888531 0.177322
0.951998 0.18099
1.01546 0.178126
1.07893 0.177519
1.1424 0.17784
1.20586 0.179685
1.26933 0.186205
1.3328 0.179809
1.39626 0.176185
1.45973 0.175206
1.5232 0.174674
1.58666 0.175367
1.65013 0.174413
1.7136 0.176008
1.77706 0.176808
1.84053 0.183916
1.904 0.182621
1.96746 0.178194
2.03093 0.177105
2.0944 0.176308
2.15786 0.181573
2.22133 0.177981
2.28479 0.180233
2.34826 0.182033
2.41173 0.18196
2.47519 0.177529
2.53866 0.18209
2.60213 0.176778
2.66559 0.178238
2.72906 0.178239
2.79253 0.181159
2.85599 0.185703
2.91946 0.178187
2.98293 0.176048
3.04639 0.17479
3.10986 0.175035
3.17333 0.175035
3.23679 0.17479
3.30026 0.176048
3.36373 0.178187
3.42719 0.185703
3.49066 0.181159
3.55413 0.178239
3.61759 0.178238
3.68106 0.176778
3.74452 0.18209
3.80799 0.177529
3.87146 0.18196
3.93492 0.182033
3.99839 0.180233
4.06186 0.177981
4.12532 0.181573
4.18879 0.176308
4.25226 0.177105
4.31572 0.178194
4.37919 0.182621
4.44266 0.183916
4.50612 0.176808
4.56959 0.176008
4.63306 0.174413
4.69652 0.175367
4.75999 0.174674
4.82346 0.175206
4.88692 0.176185
4.95039 0.179809
5.01385 0.186205
5.07732 0.179685
5.14079 0.17784
5.20425 0.177519
5.26772 0.178126
5.33119 0.18099
5.39465 0.177322
5.45812 0.183715
5.52159 0.18331
5.58505 0.17822
5.64852 0.178982
5.71199 0.18037
5.77545 0.176694
5.83892 0.176661
5.90239 0.178686
5.96585 0.184306
6.02932 0.181689
6.09279 0.176434
6.15625 0.175678
6.21972 0.17429
6.28319 0.175661
