56 -0.0910466 -0.0967852
57 -0.0411633 -0.0447351
58 -0.001064 -0.00246106
59 0.0289725 0.0305811
60 0.0522502 0.0542199
61 0.0641463 0.0683577
62 0.0696768 0.0733207
63 0.0645511 0.069984
64 0.0564349 0.059759
65 0.0406964 0.044488
66 0.0241116 0.0262801
67 0.00564942 0.00731557
68 -0.00995981 -0.010356
69 -0.0238774 -0.024999
70 -0.0338806 -0.0353374
71 -0.0380944 -0.0406495
72 -0.0382548 -0.0408017
73 -0.0335582 -0.0362214
74 -0.026416 -0.0278135
75 -0.014587 -0.0168327
76 -0.00405643 -0.00472499
77 0.00757982 0.00704084
78 0.0165201 0.0171356
79 0.0239809 0.0245077
80 0.0269648 0.0284825
81 0.0266877 0.0288161
82 0.023907 0.0256971
83 0.0180717 0.0197007
84 0.0101888 0.0117019
85 0.00129583 0.00275893
86 -0.00565856 -0.00601801
87 -0.0131902 -0.0135975
88 -0.0192249 -0.0191423
89 -0.0216677 -0.0220971
90 -0.0200096 -0.0222393
91 -0.0181078 -0.0196896
92 -0.0156568 -0.0148817
93 -0.0100205 -0.00849697
94 -0.00126038 -0.00137357
95 0.00742275 0.00559966
96 0.0116861 0.0115904
97 0.0113674 0.0159189
98 0.00785001 0.0181329
99 0.00384866 0.0180518
