1.5708 1.73714e-31
1.50733 0.000735685
1.44386 0.00285852
1.3804 0.00631155
1.31693 0.0110472
1.25346 0.0167765
1.19 0.0232452
1.12653 0.0311906
1.06306 0.0400189
0.999598 0.0495274
0.936131 0.0592586
0.872665 0.0695112
0.809198 0.0808677
0.745732 0.0922971
0.682265 0.102148
0.618799 0.114594
0.555332 0.122884
0.491866 0.134906
0.428399 0.142812
0.364932 0.150979
0.301466 0.161822
0.237999 0.164504
0.174533 0.167133
0.111066 0.1709
0.0475999 0.174474
-0.0158666 0.175661
-0.0793331 0.172932
-0.1428 0.168777
-0.206266 0.165879
-0.269733 0.164108
-0.333199 0.156191
-0.396666 0.146297
-0.460132 0.139191
-0.523599 0.12785
-0.587065 0.119449
-0.650532 0.107981
-0.713998 0.0978067
-0.777465 0.0858012
-0.840931 0.0756513
-0.904398 0.0644587
-0.967864 0.0545281
-1.03133 0.0442791
-1.0948 0.0358835
-1.15826 0.0271243
-1.22173 0.0197911
-1.2852 0.0138371
-1.34866 0.00848752
-1.41213 0.00445899
-1.4756 0.00173715
-1.53906 0.000367237
-1.60253 2.00189e-31
-1.666 0.000735685
-1.72946 0.00285852
-1.79293 0.00631155
-1.8564 0.0110472
-1.91986 0.0167765
-1.98333 0.0232452
-2.0468 0.0311906
-2.11026 0.0400189
-2.17373 0.0495274
-2.23719 0.0592586
-2.30066 0.0695112
-2.36413 0.0808677
-2.42759 0.0922971
-2.49106 0.102148
-2.55453 0.114594
-2.61799 0.122884
-2.68146 0.134906
-2.74493 0.142812
-2.80839 0.150979
-2.87186 0.161822
-2.93533 0.164504
-2.99879 0.167133
-3.06226 0.1709
-3.12573 0.174474
-3.18919 0.175661
-3.25266 0.172932
-3.31613 0.168777
-3.37959 0.165879
-3.44306 0.164108
-3.50653 0.156191
-3.56999 0.146297
-3.63346 0.139191
-3.69692 0.12785
-3.76039 0.119449
-3.82386 0.107981
-3.88732 0.0978067
-3.95079 0.0858012
-4.01426 0.0756513
-4.07772 0.0644587
-4.14119 0.0545281
-4.20466 0.0442791
-4.26812 0.0358835
-4.33159 0.0271243
-4.39506 0.0197911
-4.45852 0.0138371
-4.52199 0.00848752
-4.58546 0.00445899
-4.64892 0.00173715
-4.71239 0.000367237
