1.5708 0
1.50733 0.000399017
1.44386 0.00158965
1.3804 0.00355273
1.31693 0.00625669
1.25346 0.009658
1.19 0.013702
1.12653 0.0183235
1.06306 0.0234482
0.999598 0.0289936
0.936131 0.0348706
0.872665 0.0409845
0.809198 0.047237
0.745732 0.0535275
0.682265 0.0597548
0.618799 0.0658185
0.555332 0.0716213
0.491866 0.0770697
0.428399 0.0820761
0.364932 0.0865598
0.301466 0.0904488
0.237999 0.0936805
0.174533 0.0962029
0.111066 0.0979753
0.0475999 0.0989694
-0.0158666 0.099169
-0.0793331 0.0985709
-0.1428 0.0971849
-0.206266 0.0950332
-0.269733 0.0921503
-0.333199 0.0885828
-0.396666 0.084388
-0.460132 0.0796334
-0.523599 0.0743954
-0.587065 0.0687585
-0.650532 0.0628133
-0.713998 0.0566553
-0.777465 0.0503839
-0.840931 0.0440997
-0.904398 0.037904
-0.967864 0.0318965
-1.03133 0.0261738
-1.0948 0.0208279
-1.15826 0.015945
-1.22173 0.0116035
-1.2852 0.00787334
-1.34866 0.00481455
-1.41213 0.00247632
-1.4756 0.000896282
-1.53906 9.98547e-05
-1.60253 9.98547e-05
-1.666 0.000896282
-1.72946 0.00247632
-1.79293 0.00481455
-1.8564 0.00787334
-1.91986 0.0116035
-1.98333 0.015945
-2.0468 0.0208279
-2.11026 0.0261738
-2.17373 0.0318965
-2.23719 0.037904
-2.30066 0.0440997
-2.36413 0.0503839
-2.42759 0.0566553
-2.49106 0.0628133
-2.55453 0.0687585
-2.61799 0.0743954
-2.68146 0.0796334
-2.74493 0.084388
-2.80839 0.0885828
-2.87186 0.0921503
-2.93533 0.0950332
-2.99879 0.0971849
-3.06226 0.0985709
-3.12573 0.099169
-3.18919 0.0989694
-3.25266 0.0979753
-3.31613 0.0962029
-3.37959 0.0936805
-3.44306 0.0904488
-3.50653 0.0865598
-3.56999 0.0820761
-3.63346 0.0770697
-3.69692 0.0716213
-3.76039 0.0658185
-3.82386 0.0597548
-3.88732 0.0535275
-3.95079 0.047237
-4.01426 0.0409845
-4.07772 0.0348706
-4.14119 0.0289936
-4.20466 0.0234482
-4.26812 0.0183235
-4.33159 0.013702
-4.39506 0.009658
-4.45852 0.00625669
-4.52199 0.00355273
-4.58546 0.00158965
-4.64892 0.000399017
-4.71239 5.95068e-33
