0	0.999997	1	-0.0421133
0.000714286	1.01007	1	0.173933
0.00142857	1.00992	1	0.414846
0.00214286	1.00495	1	0.629031
0.00285714	1.00377	1	0.802705
0.00357143	0.998385	1	0.924723
0.00428571	0.997084	1	0.987244
0.005	0.99616	1	0.98623
0.00571429	0.99591	1	0.92178
0.00642857	1.00025	1	0.798001
0.00714286	1.00137	1	0.622873
0.00785714	1.00728	1	0.407642
0.00857143	1.0084	1	0.166135
0.00928571	1.00998	1	-0.0861202
0.01	1.01044	1	-0.332907
0.0107143	1.00601	1	-0.558393
0.0114286	1.00496	1	-0.748039
0.0121429	0.999604	1	-0.889715
0.0128571	0.99768	1	-0.974262
0.0135714	0.99629	1	-0.99629
0.0142857	0.995229	1	-0.954348
0.015	0.999257	1	-0.851166
0.0157143	1.00013	1	-0.693328
0.0164286	1.00598	1	-0.491048
0.0171429	1.00763	1	-0.257227
0.0178571	1.00971	1	-0.00701091
0.0185714	1.01095	1	0.243651
0.0192857	1.00713	1	0.478518
0.02	1.00626	1	0.682627
0.0207143	1.00094	1	0.842728
0.0214286	0.998406	1	0.948678
0.0221429	0.996745	1	0.9935
0.0228571	0.994602	1	0.974512
0.0235714	0.99833	1	0.892705
0.0242857	0.998952	1	0.753593
0.025	1.00467	1	0.56584
0.0257143	1.00651	1	0.341801
0.0264286	1.00912	1	0.0955737
0.0271429	1.01096	1	-0.156702
0.0278571	1.00784	1	-0.399152
0.0285714	1.00739	1	-0.615826
0.0292857	1.00234	1	-0.793204
0.03	0.999434	1	-0.919447
0.0307143	0.997287	1	-0.986914
0.0314286	0.994405	1	-0.990767
0.0321429	0.997568	1	-0.931285
0.0328571	0.997744	1	-0.811745
0.0335714	1.0032	1	-0.640391
0.0342857	1.00556	1	-0.427653
0.035	1.0085	1	-0.187811
0.0357143	1.01107	1	0.0643655
0.0364286	1.00854	1	0.311986
0.0371429	1.0084	1	0.539862
0.0378571	1.00361	1	0.732594
0.0385714	1.00036	1	0.878568
0.0392857	0.998239	1	0.967626
0.04	0.994825	1	0.994825
0.0407143	0.997159	1	0.95763
0.0414286	0.996876	1	0.859236
0.0421429	1.0019	1	0.705133
0.0428571	1.00413	1	0.50609
0.0435714	1.00739	1	0.27401
0.0442857	1.01058	1	0.0247035
0.045	1.00888	1	-0.226693
0.0457143	1.00938	1	-0.463163
0.0464286	1.005	1	-0.67034
0.0471429	1.00166	1	-0.834102
0.0478571	0.999075	1	-0.944723
0.0485714	0.995075	1	-0.994297
0.0492857	0.996726	1	-0.98043
0.05	0.995863	1	-0.90324
0.0507143	1.00049	1	-0.768422
0.0514286	1.00312	1	-0.583961
0.0521429	1.00649	1	-0.362323
0.0528571	1.01027	1	-0.117211
0.0535714	1.00909	1	0.135151
0.0542857	1.00999	1	0.378956
0.055	1.00608	1	0.598182
0.0557143	1.00266	1	0.779036
0.0564286	1.00037	1	0.909668
0.0571429	0.996036	1	0.981831
0.0578571	0.996878	1	0.990831
0.0585714	0.995412	1	0.936045
0.0592857	0.999401	1	0.821146
0.06	1.00159	1	0.653257
0.0607143	1.00501	1	0.443536
0.0614286	1.00927	1	0.204991
0.0621429	1.00892	1	-0.0464859
0.0628571	1.01063	1	-0.295379
0.0635714	1.00734	1	-0.524967
0.0642857	1.00412	1	-0.721307
0.065	1.00146	1	-0.870874
0.0657143	0.996653	1	-0.965067
0.0664286	0.996718	1	-0.996718
0.0671429	0.99468	1	-0.965
0.0678571	0.998133	1	-0.870671
0.0685714	1.00058	1	-0.721121
0.0692857	1.00383	1	-0.524607
0.07	1.00866	1	-0.295125
0.0707143	1.00878	1	-0.0460441
0.0714286	1.01087	1	0.205238
0.0721429	1.00802	1	0.443974
0.0728571	1.00501	1	0.653418
0.0735714	1.0028	1	0.8215
0.0742857	0.997968	1	0.936068
0.075	0.997473	1	0.991044
0.0757143	0.994692	1	0.981698
0.0764286	0.997526	1	0.909721
0.0771429	0.99928	1	0.778772
0.0778571	1.00233	1	0.598099
0.0785714	1.00716	1	0.378621
0.0792857	1.00797	1	0.134991
0.08	1.01087	1	-0.117536
0.0807143	1.00906	1	-0.362481
0.0814286	1.00645	1	-0.584192
0.0821429	1.00424	1	-0.768506
0.0828571	0.999031	1	-0.9033
0.0835714	0.99774	1	-0.980396
0.0842857	0.994443	1	-0.994146
0.085	0.996516	1	-0.944557
0.0857143	0.998227	1	-0.83375
0.0864286	1.00079	1	-0.67006
0.0871429	1.00629	1	-0.462666
0.0878571	1.00768	1	-0.226348
0.0885714	1.01093	1	0.0252611
0.0892857	1.00939	1	0.274346
0.09	1.00723	1	0.506623
0.0907143	1.0053	1	0.705382
0.0914286	1.00018	1	0.859668
0.0921429	0.99867	1	0.957745
0.0928571	0.995097	1	0.995097
0.0935714	0.996326	1	0.96761
0.0942857	0.997661	1	0.878651
0.095	0.999766	1	0.732487
0.0957143	1.00478	1	0.539781
0.0964286	1.00644	1	0.311848
0.0971429	1.01002	1	0.0641945
0.0978571	1.00964	1	-0.187906
0.0985714	1.00801	1	-0.427834
0.0992857	1.00698	1	-0.640351
0.1	1.00178	1	-0.811875
0.100714	0.999837	1	-0.931034
0.101429	0.995442	1	-0.990803
0.102143	0.996069	1	-0.986427
0.102857	0.996707	1	-0.919368
0.103571	0.998128	1	-0.79251
0.104286	1.00336	1	-0.615644
0.105	1.00553	1	-0.398323
0.105714	1.00966	1	-0.156459
0.106429	1.00998	1	0.0964396
0.107143	1.00891	1	0.342042
0.107857	1.008	1	0.566645
0.108571	1.00265	1	0.753768
0.109286	1.00067	1	0.893366
0.11	0.996091	1	0.97459
0.110714	0.995567	1	0.993952
0.111429	0.996448	1	0.948673
0.112143	0.997093	1	0.842947
0.112857	1.00257	1	0.682583
0.113571	1.00452	1	0.478537
0.114286	1.00885	1	0.243632
0.115	1.00917	1	-0.00711641
0.115714	1.00878	1	-0.257145
0.116429	1.00867	1	-0.49119
0.117143	1.00392	1	-0.693074
0.117857	1.00224	1	-0.85126
0.118571	0.997555	1	-0.953882
0.119286	0.996268	1	-0.996268
0.12	0.996427	1	-0.973587
0.120714	0.996255	1	-0.889546
0.121429	1.00118	1	-0.747203
0.122143	1.00271	1	-0.558083
0.122857	1.00758	1	-0.331997
0.123571	1.00881	1	-0.0857043
0.124286	1.00897	1	0.167005
0.125	1.00981	1	0.408118
0.125714	1.00571	1	0.623585
0.126429	1.00366	1	0.798493
0.127143	0.998578	1	0.92225
0.127857	0.996514	1	0.986695
0.128571	0.99576	1	0.987448
0.129286	0.995307	1	0.925134
0.13	0.999614	1	0.802675
0.130714	1.00134	1	0.629399
0.131429	1.00678	1	0.414647
0.132143	1.0087	1	0.174307
0.132857	1.00952	1	-0.0785025
0.133571	1.01032	1	-0.325033
0.134286	1.00665	1	-0.552038
0.135	1.00428	1	-0.742327
0.135714	0.999566	1	-0.886184
0.136429	0.996779	1	-0.972036
0.137143	0.996413	1	-0.996413
0.137857	0.995183	1	-0.956072
0.138571	0.998812	1	-0.854836
0.139286	1.00072	1	-0.69848
0.14	1.0057	1	-0.497252
0.140714	1.00783	1	-0.264421
0.141429	1.00919	1	-0.0140931
0.142143	1.01052	1	0.236304
0.142857	1.00718	1	0.472453
0.143571	1.00548	1	0.677033
0.144286	1.00117	1	0.839336
0.145	0.99776	1	0.946285
0.145714	0.997035	1	0.993766
0.146429	0.995099	1	0.975959
0.147143	0.99821	1	0.896679
0.147857	0.999443	1	0.758558
0.148571	1.00389	1	0.572618
0.149286	1.0062	1	0.349086
0.15	1.00802	1	0.103534
0.150714	1.01076	1	-0.148879
0.151429	1.00804	1	-0.391936
0.152143	1.0073	1	-0.609379
0.152857	1.0028	1	-0.788482
0.153571	0.999124	1	-0.91593
0.154286	0.997176	1	-0.985813
0.155	0.99486	1	-0.990992
0.155714	0.997437	1	-0.934022
0.156429	0.997593	1	-0.815574
0.157143	1.00242	1	-0.646213
0.157857	1.00516	1	-0.434042
0.158571	1.0076	1	-0.195178
0.159286	1.01083	1	0.0570966
0.16	1.00926	1	0.305015
0.160714	1.00845	1	0.533605
0.161429	1.00414	1	0.727865
0.162143	1.00015	1	0.874948
0.162857	0.997967	1	0.966436
0.163571	0.994779	1	0.994779
0.164286	0.996361	1	0.960394
0.165	0.996482	1	0.862786
0.165714	1.00123	1	0.711264
0.166429	1.00464	1	0.512361
0.167143	1.00708	1	0.282055
0.167857	1.01078	1	0.03214
0.168571	1.0096	1	-0.21868
0.169286	1.00883	1	-0.456408
0.17	1.00479	1	-0.664296
0.170714	1.00064	1	-0.82971
0.171429	0.99903	1	-0.942085
0.172143	0.995192	1	-0.993347
0.172857	0.996089	1	-0.98179
0.173571	0.996152	1	-0.905923
0.174286	0.999947	1	-0.773373
0.175	1.00346	1	-0.589547
0.175714	1.00599	1	-0.369549
0.176429	1.0103	1	-0.124241
0.177143	1.00906	1	0.127543
0.177857	1.00959	1	0.372306
0.178571	1.00601	1	0.592179
0.179286	1.00206	1	0.774494
0.18	1.00017	1	0.906849
0.180714	0.99662	1	0.980591
0.181429	0.996742	1	0.991967
0.182143	0.995358	1	0.938469
0.182857	0.999285	1	0.826004
0.183571	1.00183	1	0.658784
0.184286	1.00465	1	0.450932
0.185	1.0088	1	0.212285
0.185714	1.00898	1	-0.038393
0.186429	1.00977	1	-0.288086
0.187143	1.00763	1	-0.51821
0.187857	1.0035	1	-0.715772
0.188571	1.00207	1	-0.867156
0.189286	0.997385	1	-0.962601
0.19	0.996969	1	-0.996969
0.190714	0.995321	1	-0.966151
0.191429	0.998259	1	-0.874802
0.192143	1.00084	1	-0.725537
0.192857	1.00339	1	-0.531547
0.193571	1.00801	1	-0.30162
0.194286	1.00849	1	-0.0540208
0.195	1.01	1	0.198377
0.195714	1.00836	1	0.436995
0.196429	1.00517	1	0.647997
0.197143	1.00334	1	0.817299
0.197857	0.998349	1	0.933529
0.198571	0.997584	1	0.990691
0.199286	0.995077	1	0.982764
0.2	0.996917	1	0.913305
0.200714	0.998981	1	0.783259
0.201429	1.0016	1	0.604703
0.202143	1.00681	1	0.385481
0.202857	1.00775	1	0.14294
0.203571	1.01061	1	-0.109962
0.204286	1.00963	1	-0.355187
0.205	1.00625	1	-0.577764
0.205714	1.00454	1	-0.763676
0.206429	0.999682	1	-0.899624
0.207143	0.997531	1	-0.979187
0.207857	0.994679	1	-0.994152
0.208571	0.996566	1	-0.947194
0.209286	0.99825	1	-0.837456
0.21	1.00018	1	-0.675775
0.210714	1.0055	1	-0.469175
0.211429	1.00753	1	-0.233583
0.212143	1.01005	1	0.0175521
0.212857	1.00999	1	0.267522
0.213571	1.00725	1	0.499643
0.214286	1.00612	1	0.700766
0.215	1.00033	1	0.855193
0.215714	0.998822	1	0.956539
0.216429	0.994738	1	0.994302
0.217143	0.995358	1	0.970128
0.217857	0.997073	1	0.881794
0.218571	0.998862	1	0.738098
0.219286	1.00464	1	0.546112
0.22	1.00608	1	0.319161
0.220714	1.01032	1	0.072127
0.221429	1.01036	1	-0.180682
0.222143	1.00829	1	-0.420322
0.222857	1.00683	1	-0.634964
0.223571	1.00211	1	-0.806713
0.224286	0.99912	1	-0.928761
0.225	0.995374	1	-0.989328
0.225714	0.995676	1	-0.987766
0.226429	0.996554	1	-0.921958
0.227143	0.997929	1	-0.797091
0.227857	1.00291	1	-0.621598
0.228571	1.00563	1	-0.405013
0.229286	1.0091	1	-0.164166
0.23	1.01041	1	0.0892494
0.230714	1.00866	1	0.334682
0.231429	1.0085	1	0.560658
0.232143	1.00277	1	0.748778
0.232857	1.00087	1	0.889993
0.233571	0.996233	1	0.973355
0.234286	0.995005	1	0.994002
0.235	0.995915	1	0.951554
0.235714	0.99665	1	0.846441
0.236429	1.00206	1	0.688823
0.237143	1.00367	1	0.484689
0.237857	1.00889	1	0.251578
0.238571	1.0102	1	0.000260072
0.239286	1.0094	1	-0.249587
0.24	1.00898	1	-0.484345
0.240714	1.00476	1	-0.687864
0.241429	1.00146	1	-0.846622
0.242143	0.99722	1	-0.952325
0.242857	0.995016	1	-0.995016
0.243571	0.995947	1	-0.976012
0.244286	0.995919	1	-0.892047
0.245	1.00032	1	-0.752904
0.245714	1.00294	1	-0.563761
0.246429	1.00704	1	-0.33946
0.247143	1.0096	1.00001	-0.093136
0.247857	1.00949	1.00003	0.159671
0.248571	1.01028	1.00015	0.400852
0.249286	1.00471	1.00048	0.617904
0.25	1.00063	1	0.79201
0.250714	0.99313	0.996448	0.91655
0.251429	0.988072	0.992098	0.979891
0.252143	0.985113	0.987984	0.981805
0.252857	0.979925	0.983977	0.919819
0.253571	0.977387	0.980006	0.799625
0.254286	0.972395	0.976054	0.62969
0.255	0.96915	0.972119	0.419524
0.255714	0.96613	0.9682	0.185891
0.256429	0.960762	0.964297	-0.059834
0.257143	0.958591	0.960409	-0.297751
0.257857	0.953243	0.956538	-0.516514
0.258571	0.949976	0.952681	-0.699177
0.259286	0.945165	0.948841	-0.836302
0.26	0.940692	0.945016	-0.918866
0.260714	0.938545	0.941206	-0.941226
0.261429	0.933175	0.937411	-0.904502
0.262143	0.931104	0.933632	-0.808494
0.262857	0.925586	0.929868	-0.663391
0.263571	0.922495	0.92612	-0.475282
0.264286	0.919589	0.922386	-0.259706
0.265	0.915289	0.918668	-0.0284189
0.265714	0.912968	0.914964	0.202539
0.266429	0.907759	0.911275	0.418186
0.267143	0.905413	0.907602	0.606274
0.267857	0.901125	0.903943	0.752529
0.268571	0.896764	0.900299	0.851021
0.269286	0.894228	0.896669	0.892539
0.27	0.889525	0.893054	0.877895
0.270714	0.886705	0.889454	0.806174
0.271429	0.88187	0.885868	0.683713
0.272143	0.878764	0.882297	0.518671
0.272857	0.876244	0.87874	0.320875
0.273571	0.871028	0.875198	0.105336
0.274286	0.869789	0.871669	-0.116748
0.275	0.864269	0.868155	-0.328108
0.275714	0.862326	0.864655	-0.518086
0.276429	0.85809	0.861169	-0.672516
0.277143	0.853893	0.857698	-0.783037
0.277857	0.851591	0.85424	-0.842789
0.278571	0.847006	0.850796	-0.84739
0.279286	0.845348	0.847366	-0.798889
0.28	0.840326	0.84395	-0.698301
0.280714	0.837428	0.840548	-0.555229
0.281429	0.834316	0.837159	-0.376647
0.282143	0.829848	0.833784	-0.176206
0.282857	0.827831	0.830423	0.0341151
0.283571	0.823362	0.827075	0.240775
0.284286	0.820901	0.823741	0.429543
0.285	0.817728	0.82042	0.59034
0.285714	0.813382	0.817113	0.710708
0.286429	0.811853	0.813819	0.785779
0.287143	0.806578	0.810538	0.808882
0.287857	0.805053	0.80727	0.780545
0.288571	0.800309	0.804016	0.702302
0.289286	0.797466	0.800774	0.579273
0.29	0.794687	0.797546	0.420915
0.290714	0.790334	0.794331	0.235733
0.291429	0.788618	0.791129	0.0380939
0.292143	0.783828	0.787939	-0.161516
0.292857	0.782043	0.784763	-0.348432
0.293571	0.778969	0.781599	-0.511938
0.294286	0.774804	0.778448	-0.641503
0.295	0.773238	0.77531	-0.728426
0.295714	0.768598	0.772184	-0.768958
0.296429	0.76661	0.769071	-0.75888
0.297143	0.762852	0.765971	-0.701412
0.297857	0.759849	0.762883	-0.598667
0.298571	0.757617	0.759807	-0.458984
0.299286	0.752701	0.756744	-0.291006
0.3	0.751551	0.753693	-0.105432
0.300714	0.746428	0.750655	0.0846047
0.301429	0.744784	0.747629	0.268616
0.302143	0.741509	0.744615	0.43286
0.302857	0.737703	0.741613	0.568906
0.303571	0.73614	0.738623	0.666773
0.304286	0.732085	0.735645	0.721301
0.305	0.730269	0.73268	0.729384
0.305714	0.726667	0.729726	0.69003
0.306429	0.72377	0.726784	0.607636
0.307143	0.721606	0.723854	0.485977
0.307857	0.717277	0.720936	0.335011
0.308571	0.71579	0.71803	0.163142
0.309286	0.711389	0.715135	-0.0175849
0.31	0.709351	0.712252	-0.195609
0.310714	0.70634	0.709381	-0.360258
0.311429	0.70243	0.706521	-0.499748
0.312143	0.701238	0.703672	-0.60707
0.312857	0.696758	0.700836	-0.67386
0.313571	0.69562	0.69801	-0.697607
0.314286	0.691784	0.695196	-0.67629
0.315	0.688995	0.692394	-0.611738
0.315714	0.686974	0.689602	-0.509091
0.316429	0.683199	0.686822	-0.373957
0.317143	0.681711	0.684053	-0.216878
0.317857	0.677723	0.681296	-0.0464438
0.318571	0.675917	0.678549	0.124991
0.319286	0.673342	0.675814	0.287193
0.32	0.669495	0.673089	0.429822
0.320714	0.668248	0.670376	0.54321
0.321429	0.663654	0.667673	0.621593
0.322143	0.662512	0.664981	0.658675
0.322857	0.658969	0.662301	0.653944
0.323571	0.656253	0.659631	0.606862
0.324286	0.654376	0.656971	0.521372
0.325	0.650361	0.654323	0.403381
0.325714	0.649339	0.651685	0.259912
0.326429	0.645561	0.649058	0.101649
0.327143	0.643791	0.646441	-0.0626556
0.327857	0.641369	0.643835	-0.221045
0.328571	0.637651	0.641239	-0.364398
0.329286	0.636509	0.638654	-0.483301
0.33	0.632453	0.63608	-0.570004
0.330714	0.631043	0.633515	-0.620155
0.331429	0.627712	0.630961	-0.629506
0.332143	0.62533	0.628418	-0.599211
0.332857	0.623748	0.625884	-0.530333
0.333571	0.619479	0.623361	-0.428302
0.334286	0.618732	0.620848	-0.299854
0.335	0.614786	0.618345	-0.152845
0.335714	0.613126	0.615852	0.00206998
0.336429	0.610614	0.61337	0.156253
0.337143	0.607078	0.610897	0.298545
0.337857	0.606021	0.608434	0.420871
0.338571	0.602371	0.605981	0.515183
0.339286	0.601019	0.603538	0.575399
0.34	0.59828	0.601105	0.59878
0.340714	0.595568	0.598682	0.582916
0.341429	0.594119	0.596268	0.530432
0.342143	0.590097	0.593865	0.443916
0.342857	0.589356	0.59147	0.329778
0.343571	0.585657	0.589086	0.195567
0.344286	0.584025	0.586711	0.0494222
0.345	0.581659	0.584346	-0.0981399
0.345714	0.578275	0.58199	-0.238903
0.346429	0.577241	0.579644	-0.362782
0.347143	0.573525	0.577307	-0.462715
0.347857	0.572433	0.57498	-0.532328
0.348571	0.569844	0.572662	-0.566976
0.349286	0.567335	0.570353	-0.565642
0.35	0.56571	0.568054	-0.527528
0.350714	0.562009	0.565764	-0.456505
0.351429	0.561092	0.563483	-0.356577
0.352143	0.557839	0.561211	-0.234665
0.352857	0.556093	0.558949	-0.0990538
0.353571	0.554219	0.556695	0.0422695
0.354286	0.550838	0.554451	0.179105
0.355	0.550132	0.552216	0.303841
0.355714	0.546375	0.54999	0.407749
0.356429	0.545531	0.547772	0.484693
0.357143	0.542901	0.545564	0.530188
0.357857	0.540401	0.543365	0.540841
0.358571	0.538914	0.541174	0.517297
0.359286	0.535486	0.538993	0.460259
0.36	0.53448	0.53682	0.374484
0.360714	0.531342	0.534655	0.265328
0.361429	0.52966	0.5325	0.13978
0.362143	0.527846	0.530353	0.00670473
0.362857	0.524485	0.528215	-0.12632
0.363571	0.523937	0.526086	-0.249732
0.364286	0.520445	0.523965	-0.356507
0.365	0.519572	0.521853	-0.439598
0.365714	0.517171	0.519749	-0.493674
0.366429	0.514722	0.517653	-0.516193
0.367143	0.513231	0.515567	-0.504989
0.367857	0.510016	0.513488	-0.462049
0.368571	0.509138	0.511418	-0.38964
0.369286	0.506402	0.509356	-0.292917
0.37	0.504663	0.507303	-0.178523
0.370714	0.503049	0.505258	-0.053215
0.371429	0.499769	0.503221	0.0739299
0.372143	0.499204	0.501192	0.195698
0.372857	0.495715	0.499172	0.30368
0.373571	0.494879	0.497159	0.391256
0.374286	0.492487	0.495155	0.45332
0.375	0.490114	0.493159	0.485348
0.375714	0.48887	0.491171	0.486483
0.376429	0.485697	0.489191	0.456032
0.377143	0.484902	0.487218	0.396738
0.377857	0.482283	0.485254	0.31258
0.378571	0.480591	0.483298	0.208701
0.379286	0.479102	0.48135	0.0927215
0.38	0.47592	0.479409	-0.0287612
0.380714	0.475482	0.477476	-0.147154
0.381429	0.472269	0.475551	-0.255283
0.382143	0.471409	0.473634	-0.346422
0.382857	0.469197	0.471725	-0.414299
0.383571	0.466894	0.469823	-0.455609
0.384286	0.465716	0.467929	-0.467046
0.385	0.462672	0.466043	-0.448749
0.385714	0.46202	0.464164	-0.401936
0.386429	0.459595	0.462293	-0.329538
0.387143	0.457918	0.460429	-0.23709
0.387857	0.45647	0.458573	-0.129803
0.388571	0.453408	0.456724	-0.0154451
0.389286	0.452903	0.454883	0.0990463
0.39	0.44979	0.453049	0.206366
0.390714	0.448923	0.451223	0.299216
0.391429	0.44685	0.449404	0.372551
0.392143	0.444573	0.447592	0.420999
0.392857	0.443573	0.445787	0.442276
0.393571	0.440564	0.44399	0.435033
0.394286	0.439974	0.4422	0.399698
0.395	0.437697	0.440418	0.33941
0.395714	0.436047	0.438642	0.257411
0.396429	0.434763	0.436874	0.159851
0.397143	0.431774	0.435113	0.0527125
0.397857	0.431421	0.433358	-0.057133
0.398571	0.428548	0.431611	-0.162131
0.399286	0.427672	0.429871	-0.256361
0.4	0.425726	0.428138	-0.3331
0.400714	0.423534	0.426412	-0.388104
0.401429	0.422546	0.424693	-0.417918
0.402143	0.41971	0.422981	-0.420491
0.402857	0.419176	0.421276	-0.396558
0.403571	0.417053	0.419578	-0.347084
0.404286	0.415422	0.417886	-0.276062
0.405	0.414194	0.416201	-0.187966
0.405714	0.411305	0.414524	-0.0883708
0.406429	0.410939	0.412852	0.0156688
0.407143	0.408196	0.411188	0.118214
0.407857	0.407308	0.40953	0.21204
0.408571	0.405494	0.407879	0.291559
0.409286	0.403333	0.406235	0.351884
0.41	0.402476	0.404597	0.388812
0.410714	0.39975	0.402966	0.400892
0.411429	0.399163	0.401342	0.386854
0.412143	0.397152	0.399724	0.348232
0.412857	0.395556	0.398112	0.287695
0.413571	0.394466	0.396507	0.208881
0.414286	0.391647	0.394909	0.117667
0.415	0.391424	0.393317	0.0192919
0.415714	0.388926	0.391731	-0.0794155
0.416429	0.388019	0.390152	-0.172203
0.417143	0.38635	0.388579	-0.253529
0.417857	0.384259	0.387013	-0.317634
0.418571	0.383433	0.385452	-0.361249
0.419286	0.380744	0.383898	-0.381252
0.42	0.380233	0.382351	-0.376664
0.420714	0.378379	0.380809	-0.348289
0.421429	0.376789	0.379274	-0.29752
0.422143	0.375796	0.377745	-0.228479
0.422857	0.373049	0.376222	-0.145227
0.423571	0.372868	0.374706	-0.0533465
0.424286	0.370512	0.373195	0.0409251
0.425	0.369594	0.371691	0.132125
0.425714	0.368033	0.370192	0.213763
0.426429	0.365985	0.3687	0.281189
0.427143	0.365238	0.367213	0.330065
0.427857	0.362568	0.365733	0.357131
0.428571	0.362151	0.364258	0.361414
0.429286	0.360306	0.36279	0.342163
0.43	0.358797	0.361327	0.301282
0.430714	0.357825	0.359871	0.24145
0.431429	0.355214	0.35842	0.166357
0.432143	0.355056	0.356975	0.0815196
0.432857	0.352944	0.355536	-0.00819458
0.433571	0.351988	0.354103	-0.0965525
0.434286	0.350637	0.352675	-0.177983
0.435	0.348612	0.351253	-0.24765
0.435714	0.347999	0.349837	-0.300598
0.436429	0.345386	0.348427	-0.334191
0.437143	0.345047	0.347022	-0.346033
0.437857	0.343233	0.345623	-0.335562
0.438571	0.341748	0.34423	-0.303994
0.439286	0.340841	0.342842	-0.252921
0.44	0.338462	0.34146	-0.18636
0.440714	0.338182	0.340083	-0.108361
0.441429	0.336226	0.338712	-0.0239608
0.442143	0.335247	0.337347	0.0609691
0.442857	0.334028	0.335987	0.141593
0.443571	0.332028	0.334632	0.212238
0.444286	0.331517	0.333283	0.268717
0.445	0.329081	0.33194	0.307665
0.445714	0.328701	0.330602	0.326258
0.446429	0.326998	0.329269	0.324074
0.447143	0.325598	0.327941	0.300943
0.447857	0.324644	0.326619	0.258666
0.448571	0.322379	0.325303	0.200344
0.449286	0.322037	0.323991	0.129316
0.45	0.320138	0.322685	0.0508184
0.450714	0.319191	0.321384	-0.030455
0.451429	0.318059	0.320089	-0.109244
0.452143	0.316108	0.318798	-0.180182
0.452857	0.315711	0.317513	-0.239355
0.453571	0.313528	0.316233	-0.282528
0.454286	0.313088	0.314958	-0.307346
0.455	0.31158	0.313688	-0.31247
0.455714	0.310189	0.312424	-0.297293
0.456429	0.309314	0.311164	-0.263527
0.457143	0.30698	0.30991	-0.213025
0.457857	0.306789	0.30866	-0.149296
0.458571	0.304946	0.307416	-0.0767696
0.459286	0.304025	0.306177	0.000350278
0.46	0.302921	0.304942	0.0765401
0.460714	0.301036	0.303713	0.147267
0.461429	0.300659	0.302489	0.20807
0.462143	0.29865	0.301269	0.254762
0.462857	0.298156	0.300055	0.285018
0.463571	0.296817	0.298845	0.296558
0.464286	0.295406	0.29764	0.288974
0.465	0.294709	0.29644	0.263104
0.465714	0.292404	0.295245	0.220273
0.466429	0.292329	0.294055	0.163899
0.467143	0.290561	0.29287	0.097356
0.467857	0.289688	0.291689	0.0249793
0.468571	0.288569	0.290513	-0.0481947
0.469286	0.2868	0.289342	-0.118007
0.47	0.286342	0.288175	-0.179554
0.470714	0.284353	0.287014	-0.229128
0.471429	0.283893	0.285856	-0.263854
0.472143	0.282594	0.284704	-0.281154
0.472857	0.281259	0.283556	-0.280578
0.473571	0.280667	0.282413	-0.261998
0.474286	0.278505	0.281275	-0.226704
0.475	0.278436	0.280141	-0.177466
0.475714	0.27688	0.279011	-0.117028
0.476429	0.27596	0.277887	-0.0497626
0.477143	0.274996	0.276766	0.0200708
0.477857	0.273241	0.27565	0.0882353
0.478571	0.272861	0.274539	0.149891
0.479286	0.27093	0.273432	0.201619
0.48	0.270489	0.27233	0.239957
0.480714	0.269188	0.271232	0.262429
0.481429	0.267897	0.270139	0.268147
0.482143	0.26723	0.26905	0.256379
0.482857	0.265341	0.267965	0.22835
0.483571	0.265067	0.266885	0.185994
0.484286	0.263627	0.265809	0.131798
0.485	0.262702	0.264737	0.0698271
0.485714	0.261878	0.26367	0.00370881
0.486429	0.260136	0.262607	-0.0621882
0.487143	0.259901	0.261548	-0.123393
0.487857	0.258178	0.260494	-0.176497
0.488571	0.257694	0.259444	-0.217715
0.489286	0.256526	0.258398	-0.244696
0.49	0.25526	0.257356	-0.255989
0.490714	0.254644	0.256319	-0.250567
0.491429	0.252649	0.255285	-0.229388
0.492143	0.252529	0.254256	-0.193667
0.492857	0.251065	0.253231	-0.145732
0.493571	0.250206	0.25221	-0.0891308
0.494286	0.249336	0.251194	-0.0270772
0.495	0.247688	0.250181	0.0360883
0.495714	0.247413	0.249172	0.0963078
0.496429	0.245825	0.248168	0.150079
0.497143	0.245298	0.247167	0.193535
0.497857	0.24429	0.246171	0.22434
0.498571	0.242995	0.245178	0.240566
0.499286	0.242543	0.24419	0.24101
0.5	0.240709	0.243206	0.226235
0.500714	0.240582	0.242225	0.196916
0.501429	0.239269	0.241249	0.155157
0.502143	0.238408	0.240276	0.103969
0.502857	0.237609	0.239307	0.0462595
0.503571	0.236025	0.238343	-0.0138103
0.504286	0.235737	0.237382	-0.0725208
0.505	0.234125	0.236425	-0.126321
0.505714	0.233666	0.235472	-0.171373
0.506429	0.232603	0.234522	-0.205287
0.507143	0.231408	0.233577	-0.225806
0.507857	0.230896	0.232635	-0.231556
0.508571	0.229254	0.231697	-0.222706
0.509286	0.228431	0.230763	-0.199516
0.51	0.227256	0.229833	-0.163781
0.510714	0.226354	0.228907	-0.118039
0.511429	0.22571	0.227984	-0.0648962
0.512143	0.224551	0.227065	-0.00824064
0.512857	0.223981	0.226149	0.0484756
0.513571	0.222675	0.225237	0.101759
0.514286	0.22206	0.224329	0.147831
0.515	0.221155	0.223425	0.184226
0.515714	0.219957	0.222524	0.208489
0.516429	0.219515	0.221627	0.219033
0.517143	0.218306	0.220734	0.215688
0.517857	0.21768	0.219844	0.198364
0.518571	0.216467	0.218958	0.168481
0.519286	0.215657	0.218075	0.128197
0.52	0.214939	0.217196	0.0797833
0.520714	0.214038	0.21632	0.0268166
0.521429	0.213238	0.215448	-0.0274538
0.522143	0.21229	0.21458	-0.0796982
0.522857	0.211372	0.213715	-0.126189
0.523571	0.210527	0.212853	-0.164393
0.524286	0.209711	0.211995	-0.191774
0.525	0.208998	0.21114	-0.206486
0.525714	0.208043	0.210289	-0.208093
0.526429	0.207226	0.209441	-0.196219
0.527143	0.206223	0.208597	-0.171854
0.527857	0.205345	0.207756	-0.13687
0.528571	0.204809	0.206918	-0.0931811
0.529286	0.203775	0.206084	-0.044012
0.53	0.203214	0.205253	0.00752505
0.530714	0.202085	0.204426	0.0583553
0.531429	0.201439	0.203602	0.104814
0.532143	0.200608	0.202781	0.144287
0.532857	0.19971	0.201964	0.174272
0.533571	0.19909	0.201149	0.192644
0.534286	0.198169	0.200338	0.198735
0.535	0.197402	0.199531	0.191972
0.535714	0.196391	0.198726	0.172861
0.536429	0.195681	0.197925	0.143049
0.537143	0.194955	0.197127	0.104125
0.537857	0.194244	0.196333	0.0588837
0.538571	0.193413	0.195541	0.0103694
0.539286	0.192635	0.194753	-0.0386416
0.54	0.191722	0.193968	-0.0846216
0.540714	0.191015	0.193186	-0.124813
0.541429	0.190288	0.192407	-0.156854
0.542143	0.189615	0.191631	-0.178375
0.542857	0.188758	0.190859	-0.188431
0.543571	0.187959	0.190089	-0.186388
0.544286	0.187085	0.189323	-0.172238
0.545	0.186301	0.18856	-0.147382
0.545714	0.185788	0.1878	-0.113205
0.546429	0.184905	0.187042	-0.0719643
0.547143	0.184328	0.186288	-0.0266589
0.547857	0.183364	0.185537	0.02017
0.548571	0.182705	0.184789	0.0652922
0.549286	0.181987	0.184044	0.10573
0.55	0.181238	0.183302	0.139285
0.550714	0.180598	0.182563	0.163501
0.551429	0.179826	0.181827	0.177028
0.552143	0.179054	0.181094	0.179284
0.552857	0.178169	0.180364	0.169832
0.553571	0.177558	0.179637	0.149676
0.554286	0.176843	0.178913	0.12018
0.555	0.176248	0.178192	0.0830222
0.555714	0.175427	0.177473	0.0410299
0.556429	0.174785	0.176758	-0.00328545
0.557143	0.173951	0.176045	-0.0471696
0.557857	0.173258	0.175336	-0.0874674
0.558571	0.172711	0.174629	-0.121975
0.559286	0.171975	0.173925	-0.148428
0.56	0.171317	0.173224	-0.164982
0.560714	0.170547	0.172525	-0.171034
0.561429	0.169777	0.17183	-0.166011
0.562143	0.169093	0.171137	-0.150295
0.562857	0.168472	0.170447	-0.125286
0.563571	0.167802	0.16976	-0.0922957
0.564286	0.167143	0.169076	-0.0536601
0.565	0.166377	0.168394	-0.0120602
0.565714	0.165674	0.167715	0.0301799
0.566429	0.165101	0.167039	0.0700496
0.567143	0.164429	0.166366	0.105033
0.567857	0.163848	0.165695	0.133207
0.568571	0.163135	0.165027	0.152454
0.569286	0.16245	0.164362	0.161802
0.57	0.161641	0.163699	0.160862
0.570714	0.161067	0.163039	0.149427
0.571429	0.160455	0.162382	0.128625
0.572143	0.159861	0.161727	0.0998243
0.572857	0.159143	0.161075	0.0646733
0.573571	0.158525	0.160426	0.0258383
0.574286	0.157842	0.159779	-0.0143567
0.575	0.157117	0.159135	-0.05345
0.575714	0.156732	0.158493	-0.0886017
0.576429	0.155926	0.157854	-0.117897
0.577143	0.155485	0.157218	-0.139476
0.577857	0.154612	0.156584	-0.151753
0.578571	0.154101	0.155953	-0.154376
0.579286	0.153544	0.155324	-0.147078
0.58	0.152752	0.154698	-0.130267
0.580714	0.15236	0.154074	-0.105442
0.581429	0.151513	0.153453	-0.073974
0.582143	0.151045	0.152835	-0.0379327
0.582857	0.150298	0.152219	5.50446e-05
0.583571	0.14967	0.151605	0.0378856
0.584286	0.149206	0.150994	0.0730007
0.585	0.148543	0.150385	0.102996
0.585714	0.147994	0.149779	0.126344
0.586429	0.147292	0.149175	0.141356
0.587143	0.146666	0.148574	0.147085
0.587857	0.14624	0.147975	0.143549
0.588571	0.145609	0.147378	0.130732
0.589286	0.1451	0.146784	0.109601
0.59	0.144426	0.146192	0.0818077
0.590714	0.143842	0.145603	0.0488381
0.591429	0.143166	0.145016	0.0130293
0.592143	0.142589	0.144431	-0.023174
0.592857	0.142132	0.143849	-0.0577863
0.593571	0.141473	0.143269	-0.0883343
0.594286	0.140985	0.142691	-0.112878
0.595	0.14024	0.142116	-0.130182
0.595714	0.139726	0.141543	-0.138875
0.596429	0.139307	0.140973	-0.138559
0.597143	0.13867	0.140404	-0.129545
0.597857	0.138257	0.139838	-0.112135
0.598571	0.137529	0.139275	-0.0876983
0.599286	0.137089	0.138713	-0.0579822
0.6	0.136511	0.138154	-0.024601
0.600714	0.135806	0.137597	0.0100202
0.601429	0.135524	0.137042	0.0436225
0.602143	0.1347	0.13649	0.0743565
0.602857	0.134417	0.135939	0.0999705
0.603571	0.133639	0.135391	0.118925
0.604286	0.133194	0.134846	0.130299
0.605	0.132713	0.134302	0.133092
0.605714	0.131941	0.133761	0.127338
0.606429	0.131724	0.133221	0.113642
0.607143	0.130902	0.132684	0.0926137
0.607857	0.130605	0.132149	0.0658677
0.608571	0.130071	0.131617	0.0352584
0.609286	0.129376	0.131086	0.00246015
0.61	0.129123	0.130558	-0.0301462
0.610714	0.128325	0.130031	-0.0604535
0.611429	0.128063	0.129507	-0.0868247
0.612143	0.127336	0.128985	-0.107304
0.612857	0.126892	0.128465	-0.120676
0.613571	0.126447	0.127947	-0.126386
0.614286	0.125638	0.127431	-0.12381
0.615	0.12545	0.126917	-0.113293
0.615714	0.124602	0.126406	-0.0957653
0.616429	0.12435	0.125896	-0.0720798
0.617143	0.12379	0.125389	-0.0439696
0.617857	0.123151	0.124883	-0.0134133
0.618571	0.122882	0.12438	0.017936
0.619286	0.122174	0.123878	0.0478531
0.62	0.121876	0.123379	0.0743423
0.620714	0.121253	0.122881	0.0960456
0.621429	0.120773	0.122386	0.111366
0.622143	0.120435	0.121893	0.119331
0.622857	0.119777	0.121401	0.119782
0.623571	0.119564	0.120912	0.112478
0.624286	0.11879	0.120424	0.0979529
0.625	0.11851	0.119939	0.0774638
0.625714	0.117971	0.119455	0.0520804
0.626429	0.117359	0.118974	0.0235098
0.627143	0.117091	0.118494	-0.00614711
0.627857	0.11638	0.118017	-0.0352854
0.628571	0.116115	0.117541	-0.0619666
0.629286	0.115502	0.117067	-0.0842806
0.63	0.115047	0.116595	-0.101144
0.630714	0.114709	0.116125	-0.111414
0.631429	0.113964	0.115657	-0.11429
0.632143	0.113821	0.115191	-0.109959
0.632857	0.113148	0.114726	-0.0986268
0.633571	0.112842	0.114264	-0.0808991
0.634286	0.11243	0.113803	-0.0582761
0.635	0.111772	0.113344	-0.0320974
0.635714	0.111615	0.112887	-0.00390863
0.636429	0.110863	0.112432	0.0241561
0.637143	0.110705	0.111979	0.0504637
0.637857	0.110158	0.111527	0.0734885
0.638571	0.109701	0.111078	0.091472
0.639286	0.109393	0.11063	0.103476
0.64	0.108605	0.110184	0.108915
0.640714	0.108441	0.10974	0.107184
0.641429	0.107754	0.109297	0.098632
0.642143	0.107484	0.108857	0.0839883
0.642857	0.107053	0.108418	0.0639335
0.643571	0.106441	0.107981	0.0399765
0.644286	0.106263	0.107546	0.0138081
0.645	0.105528	0.107112	-0.0131835
0.645714	0.105387	0.10668	-0.0390834
0.646429	0.1049	0.10625	-0.0621156
0.647143	0.104427	0.105822	-0.0811326
0.647857	0.104181	0.105395	-0.0947742
0.648571	0.103383	0.10497	-0.102079
0.649286	0.103373	0.104547	-0.102933
0.65	0.102777	0.104126	-0.0971683
0.650714	0.102479	0.103706	-0.0850665
0.651429	0.102109	0.103288	-0.0677563
0.652143	0.101499	0.102871	-0.0462348
0.652857	0.101351	0.102457	-0.0217606
0.653571	0.100607	0.102044	0.00377405
0.654286	0.100506	0.101632	0.0288621
0.655	0.0999828	0.101223	0.0520704
0.655714	0.0995742	0.100814	0.0716293
0.656429	0.0992708	0.100408	0.0864314
0.657143	0.0985599	0.100003	0.0957556
0.657857	0.0984741	0.0996001	0.0987554
0.658571	0.0978222	0.0991986	0.0953797
0.659286	0.0975416	0.0987986	0.0861047
0.66	0.0971828	0.0984003	0.0712866
0.660714	0.0965927	0.0980037	0.0519786
0.661429	0.0964626	0.0976086	0.0296829
0.662143	0.0958223	0.0972151	0.00557859
0.662857	0.0956632	0.0968231	-0.0187519
0.663571	0.0952449	0.0964328	-0.0414986
0.664286	0.0947864	0.096044	-0.0614721
0.665	0.0945851	0.0956569	-0.0774315
0.665714	0.0938497	0.0952712	-0.0881185
0.666429	0.0938446	0.0948871	-0.093121
0.667143	0.0933179	0.0945046	-0.0922233
0.667857	0.0930249	0.0941236	-0.085248
0.668571	0.0927031	0.0937442	-0.0728874
0.669286	0.0921278	0.0933663	-0.0560814
0.67	0.0920071	0.0929899	-0.0356515
0.670714	0.0913434	0.092615	-0.0130905
0.671429	0.0912319	0.0922416	0.00998846
0.672143	0.0907697	0.0918697	0.0323927
0.672857	0.0903797	0.0914994	0.0525878
0.673571	0.090117	0.0911305	0.0691025
0.674286	0.0894527	0.0907631	0.0811867
0.675	0.0893877	0.0903972	0.0880544
0.675714	0.0888192	0.0900328	0.089073
0.676429	0.088554	0.0896698	0.0844771
0.677143	0.0882121	0.0893083	0.0746221
0.677857	0.0876795	0.0889483	0.059916
0.678571	0.0875442	0.0885897	0.0415531
0.679286	0.0869561	0.0882326	0.0208209
0.68	0.0868051	0.0878769	-0.00121676
0.680714	0.0864226	0.0875226	-0.0229786
0.681429	0.0859965	0.0871697	-0.0429262
0.682143	0.085816	0.0868183	-0.0600802
0.682857	0.0851761	0.0864683	-0.0732725
0.683571	0.0851378	0.0861197	-0.0814846
0.684286	0.0846933	0.0857726	-0.0844949
0.685	0.0843896	0.0854268	-0.0821377
0.685714	0.0841365	0.0850824	-0.0743558
0.686429	0.0835728	0.0847394	-0.0619143
0.687143	0.0835072	0.0843978	-0.0457145
0.687857	0.0829584	0.0840575	-0.0265467
0.688571	0.0828069	0.0837186	-0.00582195
0.689286	0.0824405	0.0833811	0.0149732
0.69	0.0820372	0.083045	0.0347852
0.690714	0.0818504	0.0827102	0.0522748
0.691429	0.0812	0.0823768	0.066126
0.692143	0.0811897	0.0820447	0.0757321
0.692857	0.0807003	0.0817139	0.0805264
0.693571	0.0804832	0.0813845	0.0799793
0.694286	0.0801751	0.0810564	0.0743621
0.695	0.0796855	0.0807296	0.0641844
0.695714	0.079554	0.0804042	0.0498566
0.696429	0.0789737	0.08008	0.0324389
0.697143	0.0788665	0.0797572	0.0132644
0.697857	0.0784679	0.0794357	-0.00668305
0.698571	0.0781145	0.0791154	-0.0261127
0.699286	0.0778959	0.0787965	-0.0435319
0.7	0.0772999	0.0784788	-0.0580419
0.700714	0.0772594	0.0781624	-0.0688362
0.701429	0.0768132	0.0778473	-0.0749779
0.702143	0.0765603	0.0775335	-0.0762206
0.702857	0.0762949	0.0772209	-0.0727169
0.703571	0.0758002	0.0769096	-0.064476
0.704286	0.0757132	0.0765996	-0.0520605
0.705	0.0752346	0.0762907	-0.0365547
0.705714	0.0750695	0.0759832	-0.0187907
0.706429	0.074767	0.0756769	0.000194109
0.707143	0.0743654	0.0753718	0.0189022
0.707857	0.0742358	0.0750679	0.036218
0.708571	0.073704	0.0747653	0.0512575
0.709286	0.0736424	0.0744639	0.0628416
0.71	0.0732782	0.0741637	0.0702121
0.710714	0.0729883	0.0738647	0.0731968
0.711429	0.0727597	0.0735669	0.0714953
0.712143	0.0722368	0.0732703	0.0650918
0.712857	0.0722081	0.072975	0.0546936
0.713571	0.0717802	0.0726808	0.0409795
0.714286	0.0715964	0.0723878	0.0246093
0.715	0.0713295	0.0720959	0.00684273
0.715714	0.0709258	0.0718053	-0.0110577
0.716429	0.0708171	0.0715158	-0.0282122
0.717143	0.0702938	0.0712275	-0.0434582
0.717857	0.0702445	0.0709404	-0.0556153
0.718571	0.0698765	0.0706544	-0.0641484
0.719286	0.0696131	0.0703695	-0.0686122
0.72	0.0693981	0.0700858	-0.0684873
0.720714	0.0689244	0.0698033	-0.0639245
0.721429	0.0688602	0.0695219	-0.0554476
0.722143	0.0683877	0.0692416	-0.043396
0.722857	0.0682643	0.0689625	-0.0285291
0.723571	0.0679438	0.0686845	-0.0120831
0.724286	0.0676119	0.0684076	0.00500479
0.725	0.0674418	0.0681318	0.0218132
0.725714	0.0669047	0.0678571	0.0370253
0.726429	0.0668831	0.0675836	0.0496574
0.727143	0.0664846	0.0673111	0.059178
0.727857	0.0662693	0.0670397	0.0648633
0.728571	0.0660228	0.0667695	0.0662115
0.729286	0.0656898	0.0665003	0.0634158
0.73	0.0656244	0.0662322	0.0567057
0.730714	0.0651716	0.0659652	0.046288
0.731429	0.0650521	0.0656993	0.0329992
0.732143	0.0647453	0.0654344	0.0178826
0.732857	0.0644264	0.0651706	0.00167947
0.733571	0.0642638	0.0649079	-0.0145871
0.734286	0.0637488	0.0646462	-0.0296197
0.735	0.0637287	0.0643856	-0.0425941
0.735714	0.0633541	0.064126	-0.0528748
0.736429	0.0631412	0.0638675	-0.0595919
0.737143	0.062912	0.06361	-0.0623016
0.737857	0.0625029	0.0633536	-0.0611203
0.738571	0.0624173	0.0630982	-0.0560488
0.739286	0.0620057	0.0628438	-0.047247
0.74	0.0618713	0.0625905	-0.0355261
0.740714	0.0616048	0.0623381	-0.0217334
0.741429	0.0612755	0.0620868	-0.0065106
0.742143	0.0611521	0.0618365	0.00908518
0.742857	0.0607169	0.0615872	0.0238336
0.743571	0.0606487	0.061339	0.0369881
0.744286	0.0603557	0.0610917	0.0478332
0.745	0.060096	0.0608454	0.0554408
0.745714	0.0599429	0.0606001	0.0593718
0.746429	0.0596151	0.0603558	0.0596446
0.747143	0.0595335	0.0601125	0.0561219
0.747857	0.0591228	0.0598701	0.0488988
0.748571	0.0590085	0.0596288	0.0387013
0.749286	0.0587338	0.0593884	0.0262462
0.75	0.0584356	0.059149	0.0120957
0.750714	0.0582952	0.0589105	-0.00274011
0.751429	0.0578519	0.058673	-0.0170982
0.752143	0.0578082	0.0584365	-0.0302573
0.752857	0.0575002	0.0582009	-0.0414944
0.753571	0.0572742	0.0579663	-0.0498568
0.754286	0.0570997	0.0577326	-0.0548445
0.755	0.0566943	0.0574998	-0.0564076
0.755714	0.0566513	0.057268	-0.0543441
0.756429	0.0563208	0.0570372	-0.0486356
0.757143	0.0561564	0.0568072	-0.039892
0.757857	0.0559567	0.0565782	-0.0287756
0.758571	0.0556162	0.0563501	-0.0157665
0.759286	0.0555451	0.0561229	-0.00175145
0.76	0.0551841	0.0558967	0.012131
0.760714	0.0550873	0.0556713	0.0251378
0.761429	0.0548528	0.0554469	0.0366101
0.762143	0.0545845	0.0552234	0.0456066
0.762857	0.0544745	0.0550007	0.0515015
0.763571	0.054063	0.054779	0.0541921
0.764286	0.0540829	0.0545582	0.0534927
0.765	0.0537132	0.0543382	0.0492434
0.765714	0.0536033	0.0541192	0.0418833
0.766429	0.053356	0.053901	0.0320823
0.767143	0.0530802	0.0536837	0.0202769
0.767857	0.0529537	0.0534673	0.00715385
0.768571	0.0525461	0.0532517	-0.00619013
0.769286	0.0525074	0.053037	-0.0189134
0.77	0.0522216	0.0528232	-0.0304455
0.770714	0.0520184	0.0526103	-0.0399474
0.771429	0.0518527	0.0523982	-0.0466316
0.772143	0.0514876	0.0521869	-0.0502789
0.772857	0.0514403	0.0519766	-0.0508035
0.773571	0.0511323	0.051767	-0.0479642
0.774286	0.0509857	0.0515583	-0.0419345
0.775	0.050796	0.0513505	-0.0333723
0.775714	0.0504899	0.0511435	-0.0227906
0.776429	0.0504168	0.0509373	-0.0106581
0.777143	0.0500885	0.0507319	0.00209892
0.777857	0.0499957	0.0505274	0.0144826
0.778571	0.049783	0.0503237	0.0259014
0.779286	0.0495338	0.0501208	0.0357387
0.78	0.0494349	0.0499188	0.0431426
0.780714	0.0490755	0.0497175	0.0476316
0.781429	0.0490454	0.0495171	0.0491855
0.782143	0.0488909	0.0493175	0.0476747
0.782857	0.0487406	0.0491187	0.0429954
0.783571	0.048565	0.0489206	0.0355988
0.784286	0.0482663	0.0487234	0.0261659
0.785	0.048198	0.048527	0.0151332
0.785714	0.0478398	0.0483314	0.00309216
0.786429	0.0477909	0.0481365	-0.00895537
0.787143	0.0475403	0.0479425	-0.0201768
0.787857	0.0473449	0.0477492	-0.0301004
0.788571	0.0472003	0.0475567	-0.0380922
0.789286	0.0468608	0.047365	-0.0434187
0.79	0.0468208	0.047174	-0.0458362
0.790714	0.0465093	0.0469838	-0.0454293
0.791429	0.0464028	0.0467944	-0.0421118
0.792143	0.0461965	0.0466058	-0.0359405
0.792857	0.0459473	0.0464179	-0.0275158
0.793571	0.0458447	0.0462308	-0.0175268
0.794286	0.0454915	0.0460444	-0.0064104
0.795	0.045455	0.0458588	0.00518974
0.795714	0.0452061	0.0456739	0.0162928
0.796429	0.0450282	0.0454898	0.0261714
0.797143	0.0448822	0.0453064	0.0344413
0.797857	0.0445654	0.0451237	0.040551
0.798571	0.0445207	0.0449418	0.0438965
0.799286	0.0442461	0.0447606	0.0443725
0.8	0.0441079	0.0445802	0.0421824
0.800714	0.0439622	0.0444005	0.0373567
0.801429	0.0436747	0.0442215	0.0300427
0.802143	0.0436285	0.0440432	0.0208978
0.802857	0.0433643	0.0438656	0.0106711
0.803571	0.0432585	0.0436888	-0.000171325
0.804286	0.0430932	0.0435127	-0.0110409
0.805	0.0428533	0.0433372	-0.0210234
0.805714	0.0427853	0.0431625	-0.0294157
0.806429	0.042495	0.0429885	-0.0359234
0.807143	0.0424415	0.0428152	-0.0401762
0.807857	0.0422478	0.0426426	-0.0416848
0.808571	0.0420629	0.0424707	-0.0403821
0.809286	0.0419644	0.0422995	-0.0366075
0.81	0.0416502	0.042129	-0.0305797
0.810714	0.0416455	0.0419591	-0.0224763
0.811429	0.0414111	0.04179	-0.0129084
0.812143	0.0412921	0.0416215	-0.00271638
0.812857	0.041151	0.0414537	0.00754656
0.813571	0.0409051	0.0412866	0.0174245
0.814286	0.0408558	0.0411201	0.0261587
0.815	0.0405692	0.0409544	0.0330131
0.815714	0.0405265	0.0407893	0.0377144
0.816429	0.0403313	0.0406248	0.0401481
0.817143	0.0401382	0.0404611	0.0400089
0.817857	0.0400547	0.0402979	0.0371742
0.818571	0.0397416	0.0401355	0.0320298
0.819286	0.0397472	0.0399737	0.0250589
0.82	0.0395215	0.0398125	0.0165293
0.820714	0.0394068	0.039652	0.00688044
0.821429	0.0392702	0.0394922	-0.00305875
0.822143	0.0390345	0.039333	-0.0125443
0.822857	0.0389857	0.0391744	-0.0211812
0.823571	0.038702	0.0390165	-0.0285152
0.824286	0.0386687	0.0388592	-0.033874
0.825	0.0384727	0.0387025	-0.036849
0.825714	0.0383201	0.0385465	-0.0374856
0.826429	0.0382106	0.0383911	-0.0358343
0.827143	0.0379407	0.0382363	-0.0318005
0.827857	0.0379165	0.0380822	-0.0255961
0.828571	0.0376608	0.0379286	-0.0178559
0.829286	0.0375911	0.0377757	-0.00914923
0.83	0.0374207	0.0376235	0.000179327
0.830714	0.0372353	0.0374718	0.00958611
0.831429	0.0371489	0.0373207	0.0182477
0.832143	0.0368499	0.0371703	0.0255566
0.832857	0.0368463	0.0370204	0.0312756
0.833571	0.0366202	0.0368712	0.0351123
0.834286	0.0365135	0.0367225	0.0366179
0.835	0.036407	0.0365745	0.0356492
0.835714	0.0361266	0.036427	0.0325046
0.836429	0.0361237	0.0362802	0.0274752
0.837143	0.0359258	0.0361339	0.0206853
0.837857	0.0358106	0.0359882	0.0125027
0.838571	0.0356941	0.0358432	0.00367171
0.839286	0.0354686	0.0356987	-0.00514515
0.84	0.0354322	0.0355547	-0.0135864
0.840714	0.0351808	0.0354114	-0.0212191
0.841429	0.035141	0.0352687	-0.0273655
0.842143	0.0349699	0.0351265	-0.0315252
0.842857	0.0348211	0.0349849	-0.0336335
0.843571	0.0347292	0.0348438	-0.0337062
0.844286	0.0344733	0.0347034	-0.031582
0.845	0.0344594	0.0345634	-0.027264
0.845714	0.0342337	0.0344241	-0.0212041
0.846429	0.0341613	0.0342853	-0.0139715
0.847143	0.0340137	0.0341471	-0.00590004
0.847857	0.0338356	0.0340095	0.0026695
0.848571	0.0337649	0.0338723	0.0110684
0.849286	0.0334891	0.0337358	0.0185629
0.85	0.0334882	0.0335998	0.0247695
0.850714	0.033289	0.0334643	0.0295108
0.851429	0.0331841	0.0333294	0.0324362
0.852143	0.0330606	0.0331951	0.0331551
0.852857	0.0326942	0.0330612	0.0316641
0.853571	0.0326712	0.032928	0.0282979
0.854286	0.0325079	0.0327952	0.0232995
0.855	0.0323851	0.032663	0.0167835
0.855714	0.0322937	0.0325313	0.00912808
0.856429	0.0320728	0.0324002	0.0010416
0.857143	0.0320523	0.0322696	-0.00686394
0.857857	0.0318676	0.0321395	-0.0142744
0.858571	0.0317844	0.0320099	-0.0208481
0.859286	0.0316709	0.0318808	-0.0260071
0.86	0.0314907	0.0317523	-0.0292692
0.860714	0.0314473	0.0316243	-0.0305686
0.861429	0.0312349	0.0314968	-0.0300293
0.862143	0.0311974	0.0313698	-0.0276173
0.862857	0.0310556	0.0312434	-0.0232914
0.863571	0.030922	0.0311174	-0.0173768
0.864286	0.0308496	0.030992	-0.0104831
0.865	0.0306216	0.030867	-0.0030823
0.865714	0.0306178	0.0307426	0.00455931
0.866429	0.0304416	0.0306187	0.012029
0.867143	0.0303606	0.0304952	0.0186598
0.867857	0.0302533	0.0303723	0.0239031
0.868571	0.0300787	0.0302498	0.027587
0.869286	0.0300394	0.0301279	0.0296627
0.87	0.0299036	0.0300064	0.0299091
0.870714	0.0298833	0.0298855	0.028121
0.871429	0.0296776	0.029765	0.0244676
0.872143	0.0296232	0.029645	0.0194138
0.872857	0.0294864	0.0295255	0.0133248
0.873571	0.0293391	0.0294065	0.00639337
0.874286	0.0292703	0.0292879	-0.00102764
0.875	0.0290315	0.0291698	-0.00828701
0.875714	0.0290298	0.0290522	-0.0147648
0.876429	0.0288507	0.0289351	-0.0201696
0.877143	0.0287656	0.0288185	-0.0243616
0.877857	0.028653	0.0287023	-0.0270362
0.878571	0.0284782	0.0285866	-0.0278208
0.879286	0.0284312	0.0284713	-0.0266465
0.88	0.0282158	0.0283565	-0.0238046
0.880714	0.0281859	0.0282422	-0.0196014
0.881429	0.0280354	0.0281284	-0.0141606
0.882143	0.0279179	0.028015	-0.00766803
0.882857	0.0278313	0.027902	-0.000634336
0.883571	0.0276275	0.0277896	0.00627815
0.884286	0.0276041	0.0276775	0.0126277
0.885	0.0274224	0.0275659	0.0182192
0.885714	0.0273543	0.0274548	0.0227892
0.886429	0.0272348	0.0273441	0.0258858
0.887143	0.0270826	0.0272339	0.02716
0.887857	0.0271001	0.0271241	0.0266397
0.888571	0.0268865	0.0270148	0.0245775
0.889286	0.0268683	0.0269058	0.0211179
0.89	0.0267164	0.0267974	0.0162891
0.890714	0.0266147	0.0266893	0.0103153
0.891429	0.0265238	0.0265818	0.00374559
0.892143	0.0263398	0.0264746	-0.00282185
0.892857	0.026309	0.0263679	-0.0090386
0.893571	0.02613	0.0262616	-0.0147174
0.894286	0.0260728	0.0261557	-0.019532
0.895	0.0259528	0.0260502	-0.0229909
0.895714	0.0258157	0.0259452	-0.0247518
0.896429	0.0257539	0.0258406	-0.0248363
0.897143	0.0255533	0.0257365	-0.0234479
0.897857	0.025534	0.0256327	-0.0206722
0.898571	0.0253904	0.0255294	-0.0164952
0.899286	0.0252934	0.0254264	-0.011099
0.9	0.0252063	0.0253239	-0.00498734
0.900714	0.0250328	0.0252218	0.00126246
0.901429	0.0250015	0.0251202	0.00729407
0.902143	0.0248396	0.0250189	0.0129285
0.902857	0.0247763	0.024918	0.0178833
0.903571	0.0246691	0.0248176	0.0216866
0.904286	0.0245315	0.0247175	0.0239332
0.905	0.0244782	0.0246179	0.0245482
0.905714	0.0246037	0.0245186	0.02371
0.906429	0.0245177	0.0244198	0.0215545
0.907143	0.0244398	0.0243213	0.0180705
0.907857	0.0242747	0.0242233	0.0133204
0.908571	0.0242549	0.0241256	0.00766876
0.909286	0.0240806	0.0240284	0.00168742
0.91	0.0240494	0.0239315	-0.00415521
0.910714	0.0239331	0.023835	-0.00963362
0.911429	0.0238238	0.0237389	-0.0145806
0.912143	0.0237648	0.0236432	-0.0186586
0.912857	0.0235788	0.0235479	-0.0214162
0.913571	0.0235761	0.023453	-0.0225771
0.914286	0.0234236	0.0233584	-0.0221995
0.915	0.0233676	0.0232643	-0.020514
0.915714	0.0232712	0.0231705	-0.0176574
0.916429	0.0231398	0.0230771	-0.013642
0.917143	0.0230988	0.0229841	-0.00858611
0.917857	0.0229127	0.0228914	-0.00289268
0.918571	0.0229068	0.0227991	0.00286845
0.919286	0.0227756	0.0227072	0.0082495
0.92	0.0226957	0.0226157	0.0130493
0.920714	0.0226187	0.0225245	0.0171495
0.921429	0.022466	0.0224337	0.0202948
0.922143	0.0224425	0.0223432	0.0221092
0.922857	0.0222796	0.0222532	0.0223432
0.923571	0.0220005	0.0221634	0.0210628
0.924286	0.0218776	0.0220741	0.0185596
0.925	0.021797	0.0219851	0.0150944
0.925714	0.02172	0.0218965	0.0107737
0.926429	0.0215767	0.0218082	0.00569043
0.927143	0.0215452	0.0217203	0.000141271
0.927857	0.0214112	0.0216327	-0.00535378
0.928571	0.0213535	0.0215455	-0.0102735
0.929286	0.0212639	0.0214587	-0.0143239
0.93	0.0211453	0.0213721	-0.0174353
0.930714	0.0210997	0.021286	-0.0195576
0.931429	0.0209564	0.0212002	-0.0205039
0.932143	0.0209191	0.0211147	-0.0200308
0.932857	0.0208188	0.0210296	-0.0180685
0.933571	0.0207223	0.0209448	-0.0148466
0.934286	0.0206647	0.0208604	-0.0107751
0.935	0.0205133	0.0207763	-0.00620588
0.935714	0.0204944	0.0206925	-0.00132036
0.936429	0.020385	0.0206091	0.00375629
0.937143	0.0203083	0.020526	0.0087598
0.937857	0.0202403	0.0204433	0.0132397
0.938571	0.0201068	0.0203608	0.0167278
0.939286	0.0200798	0.0202788	0.0189615
0.94	0.0199623	0.020197	0.0199471
0.940714	0.0200247	0.0201156	0.0198132
0.941429	0.0198853	0.0200345	0.0186167
0.942143	0.0198476	0.0199537	0.016301
0.942857	0.019751	0.0198733	0.0128434
0.943571	0.0196549	0.0197932	0.00843534
0.944286	0.0196009	0.0197134	0.00350619
0.945	0.0194482	0.0196339	-0.00144374
0.945714	0.0194353	0.0195547	-0.00605074
0.946429	0.0193238	0.0194759	-0.0101538
0.947143	0.0192543	0.0193974	-0.0136771
0.947857	0.019184	0.0193192	-0.0164612
0.948571	0.0190585	0.0192413	-0.018217
0.949286	0.019029	0.0191637	-0.0186554
0.95	0.0189047	0.0190865	-0.0176759
0.950714	0.0188591	0.0190095	-0.0154471
0.951429	0.0187745	0.0189329	-0.0123066
0.952143	0.0186747	0.0188566	-0.00857244
0.952857	0.0186295	0.0187806	-0.00442602
0.953571	0.0184941	0.0187048	4.20129e-05
0.954286	0.0184699	0.0186294	0.00468089
0.955	0.0183728	0.0185543	0.00917132
0.955714	0.0182962	0.0184795	0.0130663
0.956429	0.0182372	0.018405	0.0159577
0.957143	0.0181086	0.0183308	0.0176387
0.957857	0.0180873	0.0182569	0.018139
0.958571	0.0182257	0.0181833	0.0176152
0.959286	0.0181817	0.01811	0.0161938
0.96	0.0180503	0.018037	0.0138966
0.960714	0.0180468	0.0179643	0.0107019
0.961429	0.0179417	0.0178919	0.00668549
0.962143	0.0178968	0.0178198	0.00211995
0.962857	0.0178332	0.0177479	-0.00255224
0.963571	0.0177322	0.0176764	-0.00686044
0.964286	0.017709	0.0176051	-0.0104644
0.965	0.0175843	0.0175341	-0.0132239
0.965714	0.0175697	0.0174634	-0.0151425
0.966429	0.0174864	0.017393	-0.0162396
0.967143	0.0174159	0.0173229	-0.0164525
0.967857	0.017373	0.0172531	-0.0156424
0.968571	0.0172479	0.0171835	-0.0136969
0.969286	0.0172444	0.0171143	-0.0106565
0.97	0.0171415	0.0170453	-0.00677339
0.970714	0.0171012	0.0169766	-0.00245889
0.971429	0.0170387	0.0169081	0.00184824
0.972143	0.0169443	0.0168399	0.00581411
0.972857	0.0169217	0.0167721	0.00926661
0.973571	0.0168006	0.0167044	0.0121536
0.974286	0.0167953	0.0166371	0.0144415
0.975	0.0167207	0.01657	0.0160281
0.975714	0.0166799	0.0165032	0.0167275
0.976429	0.016293	0.0164367	0.0163396
0.977143	0.0156916	0.0163704	0.0147605
0.977857	0.0156087	0.0163044	0.01207
0.978571	0.0155485	0.0162387	0.00854262
0.979286	0.0154973	0.0161732	0.00457746
0.98	0.0153697	0.016108	0.000581746
0.980714	0.0153313	0.0160431	-0.00313266
0.981429	0.01518	0.0159784	-0.00639292
0.982143	0.0150708	0.015914	-0.00913655
0.982857	0.0150272	0.0158499	-0.0113363
0.983571	0.014941	0.015786	-0.0129253
0.984286	0.0160689	0.0157223	-0.013766
0.985	0.016186	0.0156589	-0.0136791
0.985714	0.016182	0.0155958	-0.0125191
0.986429	0.0160585	0.0155329	-0.0102587
0.987143	0.0160322	0.0154703	-0.00704157
0.987857	0.0159501	0.0154079	-0.00317866
0.988571	0.015842	0.0153458	0.000911738
0.989286	0.0159339	0.015284	0.00479717
0.99	0.0161604	0.0152224	0.00812239
0.990714	0.0162297	0.015161	0.010668
0.991429	0.0159678	0.0150999	0.0123608
0.992143	0.0153111	0.015039	0.0132399
0.992857	0.014448	0.0149784	0.0133984
0.993571	0.01394	0.014918	0.0129256
0.994286	0.0135769	0.0148578	0.0118726
0.995	0.0133486	0.0147979	0.0102494
0.995714	0.0136654	0.0147383	0.00805157
0.996429	0.0144479	0.0146789	0.00530209
0.997143	0.0155538	0.0146197	0.00209033
0.997857	0.0166687	0.0145608	-0.00140675
0.998571	0.0173729	0.014502	-0.00492943
0.999286	0	0.0144436	0
