0	0.999253	1	0.104543
0.000909091	1.0119	1	0.374226
0.00181818	1.00682	1	0.649152
0.00272727	1.00584	1	0.856459
0.00363636	1.00031	1	0.974667
0.00454545	0.996647	1	0.991445
0.00545455	0.997971	1	0.905062
0.00636364	0.997139	1	0.724517
0.00727273	1.00449	1	0.468539
0.00818182	1.00436	1	0.16375
0.00909091	1.01043	1	-0.158156
0.01	1.01044	1	-0.463783
0.0109091	1.00621	1	-0.721287
0.0118182	1.00505	1	-0.903984
0.0127273	0.996112	1	-0.992835
0.0136364	0.995846	1	-0.978627
0.0145455	0.997889	1	-0.862829
0.0154545	1.00008	1	-0.657498
0.0163636	1.00277	1	-0.383906
0.0172727	1.00951	1	-0.0706067
0.0181818	1.00811	1	0.250006
0.0190909	1.01066	1	0.544428
0.02	1.00616	1	0.78224
0.0209091	1.00132	1	0.938569
0.0218182	0.999672	1	0.997317
0.0227273	0.994921	1	0.952215
0.0236364	0.999206	1	0.808162
0.0245455	0.998103	1	0.57985
0.0254545	1.00617	1	0.291354
0.0263636	1.00905	1	-0.0277401
0.0272727	1.0093	1	-0.343852
0.0281818	1.01036	1	-0.624549
0.0290909	1.00217	1	-0.840239
0.03	1.00185	1	-0.968946
0.0309091	0.996804	1	-0.996804
0.0318182	0.996878	1	-0.921482
0.0327273	0.997003	1	-0.75016
0.0336364	1.0038	1	-0.501363
0.0345455	1.00443	1	-0.200174
0.0354545	1.01102	1	0.121304
0.0363636	1.00933	1	0.430481
0.0372727	1.00708	1	0.694385
0.0381818	1.005	1	0.886471
0.0390909	0.997065	1	0.985836
0.04	0.998591	1	0.983169
0.0409091	0.994358	1	0.877655
0.0418182	1.00047	1	0.681419
0.0427273	1.00333	1	0.413648
0.0436364	1.00689	1	0.103409
0.0445455	1.01119	1	-0.218314
0.0454545	1.00684	1	-0.516814
0.0463636	1.00789	1	-0.762357
0.0472727	1.0021	1	-0.928113
0.0481818	0.998278	1	-0.998198
0.0490909	0.995118	1	-0.96395
0.05	0.99889	1	-0.830339
0.0509091	0.998109	1	-0.609818
0.0518182	1.00612	1	-0.326736
0.0527273	1.00778	1	-0.00910926
0.0536364	1.00975	1	0.308705
0.0545455	1.01024	1	0.594958
0.0554545	1.00305	1	0.818688
0.0563636	1.00293	1	0.957804
0.0572727	0.996728	1	0.996728
0.0581818	0.99716	1	0.9325
0.0590909	0.99771	1	0.770763
0.06	1.00097	1	0.529269
0.0609091	1.00741	1	0.232302
0.0618182	1.00727	1	-0.0886214
0.0627273	1.01156	1	-0.40063
0.0636364	1.00722	1	-0.670985
0.0645455	1.00386	1	-0.871752
0.0654545	1.00083	1	-0.982037
0.0663636	0.995555	1	-0.990279
0.0672727	0.994629	1	-0.895861
0.0681818	1.00034	1	-0.708189
0.0690909	1.0026	1	-0.447365
0.07	1.00754	1	-0.139689
0.0709091	1.01073	1	0.181848
0.0718182	1.00657	1	0.485049
0.0727273	1.00849	1	0.737
0.0736364	1.00194	1	0.913084
0.0745455	0.999245	1	0.993296
0.0754545	0.996823	1	0.971124
0.0763636	0.99666	1	0.846947
0.0772727	1.00157	1	0.635686
0.0781818	1.00294	1	0.357196
0.0790909	1.00959	1	0.0426041
0.08	1.00825	1	-0.277659
0.0809091	1.00856	1	-0.567989
0.0818182	1.00684	1	-0.800549
0.0827273	1.00018	1	-0.948875
0.0836364	0.999748	1	-0.999748
0.0845455	0.998102	1	-0.945831
0.0854545	0.997416	1	-0.794602
0.0863636	1.0018	1	-0.56009
0.0872727	1.00599	1	-0.268161
0.0881818	1.00623	1	0.0521415
0.0890909	1.01126	1	0.366453
0.09	1.00759	1	0.642938
0.0909091	1.00527	1	0.852316
0.0918182	1.00092	1	0.97306
0.0927273	0.996079	1	0.992733
0.0936364	0.997998	1	0.908817
0.0945455	0.997198	1	0.730875
0.0954545	1.0037	1	0.476197
0.0963636	1.00444	1	0.172791
0.0972727	1.00936	1	-0.149649
0.0981818	1.01076	1	-0.455525
0.0990909	1.00646	1	-0.715345
0.1	1.00523	1	-0.899636
0.100909	0.996466	1	-0.991866
0.101818	0.996367	1	-0.9797
0.102727	0.997161	1	-0.867254
0.103636	0.999749	1	-0.663306
0.104545	1.0013	1	-0.391948
0.105455	1.00901	1	-0.078575
0.106364	1.00908	1	0.241614
0.107273	1.01038	1	0.537725
0.108182	1.00676	1	0.776921
0.109091	1.0008	1	0.936034
0.11	0.999585	1	0.997255
0.110909	0.994795	1	0.955049
0.111818	0.99847	1	0.813433
0.112727	0.998424	1	0.587038
0.113636	1.0053	1	0.29993
0.114545	1.00942	1	-0.0190391
0.115455	1.00952	1	-0.335287
0.116364	1.0105	1	-0.617826
0.117273	1.00222	1	-0.834982
0.118182	1.00136	1	-0.966894
0.119091	0.996815	1	-0.996815
0.12	0.99665	1	-0.924916
0.120909	0.995599	1	-0.755248
0.121818	1.00327	1	-0.508895
0.122727	1.0053	1	-0.208088
0.123636	1.0107	1	0.11273
0.124545	1.01008	1	0.423109
0.125455	1.00679	1	0.688279
0.126364	1.00508	1	0.882751
0.127273	0.997399	1	0.984742
0.128182	0.997769	1	0.984692
0.129091	0.994606	1	0.882133
0.13	0.999451	1	0.687599
0.130909	1.00391	1	0.422057
0.131818	1.00717	1	0.111718
0.132727	1.01161	1	-0.209162
0.133636	1.00715	1	-0.509811
0.134545	1.00737	1	-0.755911
0.135455	1.00187	1	-0.925357
0.136364	0.997782	1	-0.996793
0.137273	0.993528	1	-0.96667
0.138182	0.998343	1	-0.834273
0.139091	0.999257	1	-0.617019
0.14	1.00607	1	-0.334165
0.140909	1.00858	1	-0.0179619
0.141818	1.00961	1	0.301019
0.142727	1.01019	1	0.587978
0.143636	1.0032	1	0.814044
0.144545	1.00207	1	0.955513
0.145455	0.997131	1	0.997131
0.146364	0.99633	1	0.935883
0.147273	0.998438	1	0.776098
0.148182	1.00125	1	0.537085
0.149091	1.00774	1	0.240398
0.15	1.00736	1	-0.0793736
0.150909	1.01106	1	-0.393079
0.151818	1.00718	1	-0.663888
0.152727	1.00359	1	-0.86783
0.153636	1.00087	1	-0.9798
0.154545	0.995113	1	-0.991609
0.155455	0.995445	1	-0.899223
0.156364	0.999944	1	-0.714262
0.157273	1.00315	1	-0.454826
0.158182	1.00705	1	-0.148037
0.159091	1.01106	1	0.173409
0.16	1.00706	1	0.477848
0.160909	1.00825	1	0.731061
0.161818	1.00212	1	0.910022
0.162727	0.998425	1	0.992291
0.163636	0.996904	1	0.973536
0.164545	0.996172	1	0.851309
0.165455	1.00169	1	0.642675
0.166364	1.0025	1	0.365209
0.167273	1.00973	1	0.051386
0.168182	1.00885	1	-0.269156
0.169091	1.00906	1	-0.560963
0.17	1.00656	1	-0.794875
0.170909	0.999645	1	-0.946491
0.171818	0.999028	1	-0.999028
0.172727	0.996939	1	-0.949143
0.173636	0.997597	1	-0.798915
0.174545	1.00073	1	-0.567882
0.175455	1.00683	1	-0.275531
0.176364	1.00633	1	0.0429048
0.177273	1.0119	1	0.359209
0.178182	1.00755	1	0.63592
0.179091	1.00464	1	0.848279
0.18	1.00034	1	0.971077
0.180909	0.994331	1	0.993625
0.181818	0.99761	1	0.912711
0.182727	0.996049	1	0.736349
0.183636	1.00406	1	0.484506
0.184545	1.00578	1	0.180574
0.185455	1.01003	1	-0.140117
0.186364	1.01078	1	-0.4487
0.187273	1.00644	1	-0.708221
0.188182	1.00423	1	-0.896697
0.189091	0.99681	1	-0.989777
0.19	0.995954	1	-0.982009
0.190909	0.995705	1	-0.870813
0.191818	0.999984	1	-0.670053
0.192727	1.00126	1	-0.399541
0.193636	1.00959	1	-0.0870939
0.194545	1.0097	1	0.233174
0.195455	1.01042	1	0.530876
0.196364	1.00687	1	0.771106
0.197273	0.999924	1	0.933666
0.198182	0.999133	1	0.996436
0.199091	0.994007	1	0.958185
0.2	0.997951	1	0.81794
0.200909	0.999263	1	0.594486
0.201818	1.00487	1	0.307921
0.202727	1.00997	1	-0.0102084
0.203636	1.00949	1	-0.327073
0.204545	1.01063	1	-0.611094
0.205455	1.0027	1	-0.829904
0.206364	1.00096	1	-0.964895
0.207273	0.996958	1	-0.996958
0.208182	0.996821	1	-0.928369
0.209091	0.994728	1	-0.760594
0.21	1.00259	1	-0.516291
0.210909	1.00544	1	-0.216538
0.211818	1.0097	1	0.10451
0.212727	1.0106	1	0.414902
0.213636	1.00618	1	0.682696
0.214545	1.00608	1	0.878028
0.215455	0.998144	1	0.984182
0.216364	0.998156	1	0.985307
0.217273	0.994585	1	0.886903
0.218182	0.998548	1	0.693303
0.219091	1.0031	1	0.430242
0.22	1.00576	1	0.120255
0.220909	1.0112	1	-0.200911
0.221818	1.00763	1	-0.501791
0.222727	1.0079	1	-0.751023
0.223636	1.00348	1	-0.920955
0.224545	0.999049	1	-0.997361
0.225455	0.993911	1	-0.967512
0.226364	0.999164	1	-0.840186
0.227273	0.998604	1	-0.622613
0.228182	1.0052	1	-0.34313
0.229091	1.00738	1	-0.0259214
0.23	1.00764	1	0.292561
0.230909	1.00982	1	0.580958
0.231818	1.00506	1	0.809497
0.232727	1.00274	1	0.952296
0.233636	0.998372	1	0.998372
0.234545	0.997003	1	0.937747
0.235455	0.998852	1	0.782694
0.236364	1.00157	1	0.543216
0.237273	1.00683	1	0.249781
0.238182	1.00643	1	-0.0715463
0.239091	1.00978	1	-0.384593
0.24	1.00785	1	-0.657625
0.240909	1.00317	1	-0.863559
0.241818	1.00191	1	-0.977738
0.242727	0.99505	1	-0.993159
0.243636	0.996432	1	-0.902297
0.244545	0.999922	1	-0.720896
0.245455	1.00339	1	-0.461865
0.246364	1.00673	1.00001	-0.157
0.247273	1.01132	1.00004	0.165225
0.248182	1.00711	1.00018	0.470148
0.249091	1.00716	1.00061	0.724719
0.25	0.998319	1	0.904635
0.250909	0.990103	0.995482	0.986554
0.251818	0.986199	0.989953	0.969623
0.252727	0.978571	0.984732	0.849627
0.253636	0.977154	0.979652	0.645691
0.254545	0.968787	0.974622	0.375003
0.255455	0.966655	0.969624	0.0692402
0.256364	0.960989	0.964651	-0.240538
0.257273	0.95579	0.959704	-0.523439
0.258182	0.951574	0.954783	-0.747378
0.259091	0.943939	0.949887	-0.894345
0.26	0.941151	0.945016	-0.944573
0.260909	0.936409	0.940169	-0.899297
0.261818	0.930533	0.935348	-0.759398
0.262727	0.924021	0.930552	-0.543837
0.263636	0.922193	0.92578	-0.273883
0.264545	0.915742	0.921032	0.0220773
0.265455	0.91307	0.916309	0.311223
0.266364	0.907672	0.91161	0.567176
0.267273	0.902767	0.906935	0.759343
0.268182	0.89936	0.902285	0.87331
0.269091	0.890917	0.897658	0.893624
0.27	0.890151	0.893054	0.822655
0.270909	0.881593	0.888475	0.666616
0.271818	0.879728	0.883919	0.442892
0.272727	0.874508	0.879386	0.176662
0.273636	0.869512	0.874876	-0.106904
0.274545	0.867041	0.87039	-0.374472
0.275455	0.859217	0.865926	-0.602779
0.276364	0.858522	0.861486	-0.764581
0.277273	0.852167	0.857068	-0.847039
0.278182	0.848478	0.852673	-0.840513
0.279091	0.842646	0.8483	-0.746976
0.28	0.84127	0.84395	-0.578183
0.280909	0.833724	0.839622	-0.349841
0.281818	0.832464	0.835317	-0.0896319
0.282727	0.825858	0.831033	0.179009
0.283636	0.822274	0.826772	0.424647
0.284545	0.818385	0.822532	0.624861
0.285455	0.811179	0.818314	0.757885
0.286364	0.810495	0.814117	0.810732
0.287273	0.803199	0.809943	0.780103
0.288182	0.801859	0.805789	0.667511
0.289091	0.797556	0.801657	0.488695
0.29	0.792606	0.797546	0.259404
0.290909	0.790557	0.793456	0.00691426
0.291818	0.783657	0.789387	-0.244565
0.292727	0.782197	0.785339	-0.468117
0.293636	0.77552	0.781312	-0.640459
0.294545	0.772683	0.777305	-0.745991
0.295455	0.769054	0.773319	-0.77185
0.296364	0.766025	0.769354	-0.719276
0.297273	0.758919	0.765408	-0.591507
0.298182	0.75782	0.761483	-0.404931
0.299091	0.752414	0.757578	-0.178078
0.3	0.748846	0.753693	0.0650416
0.300909	0.745861	0.749828	0.298001
0.301818	0.739325	0.745983	0.498933
0.302727	0.739079	0.742158	0.644647
0.303636	0.73323	0.738352	0.723476
0.304545	0.731185	0.734566	0.725538
0.305455	0.726465	0.730799	0.652969
0.306364	0.722476	0.727051	0.513615
0.307273	0.71978	0.723323	0.321821
0.308182	0.713961	0.719613	0.0997449
0.309091	0.712202	0.715923	-0.131774
0.31	0.706417	0.712252	-0.346057
0.310909	0.703907	0.708599	-0.523431
0.311818	0.700987	0.704966	-0.64437
0.312727	0.695736	0.701351	-0.69746
0.313636	0.69162	0.697754	-0.678518
0.314545	0.690471	0.694176	-0.58865
0.315455	0.685824	0.690616	-0.440129
0.316364	0.682687	0.687075	-0.246482
0.317273	0.679905	0.683551	-0.0303478
0.318182	0.67408	0.680046	0.187106
0.319091	0.673556	0.676559	0.382949
0.32	0.667478	0.673089	0.536503
0.320909	0.666122	0.669638	0.633877
0.321818	0.66144	0.666204	0.663443
0.322727	0.658007	0.662787	0.625101
0.323636	0.655543	0.659388	0.521602
0.324545	0.650167	0.656007	0.365497
0.325455	0.648957	0.652643	0.173277
0.326364	0.643809	0.649296	-0.0356057
0.327273	0.641679	0.645967	-0.237756
0.328182	0.638895	0.642654	-0.414402
0.329091	0.634067	0.639358	-0.545468
0.33	0.632978	0.63608	-0.619479
0.330909	0.626548	0.632818	-0.628549
0.331818	0.624782	0.629573	-0.572265
0.332727	0.622334	0.626344	-0.458181
0.333636	0.619468	0.623132	-0.296967
0.334545	0.614444	0.619937	-0.10778
0.335455	0.613585	0.616758	0.091333
0.336364	0.607845	0.613595	0.278455
0.337273	0.606794	0.610448	0.434713
0.338182	0.602455	0.607318	0.544829
0.339091	0.599234	0.604204	0.596538
0.34	0.597275	0.601105	0.586901
0.340909	0.592226	0.598023	0.515708
0.341818	0.591435	0.594956	0.392395
0.342727	0.586607	0.591905	0.22955
0.343636	0.58488	0.58887	0.0442399
0.344545	0.582095	0.58585	-0.143118
0.345455	0.57777	0.582846	-0.314716
0.346364	0.576661	0.579857	-0.451189
0.347273	0.570929	0.576883	-0.540308
0.348182	0.570361	0.573925	-0.572435
0.349091	0.567158	0.570982	-0.544908
0.35	0.564332	0.568054	-0.461953
0.350909	0.559972	0.565141	-0.33132
0.351818	0.558998	0.562243	-0.168693
0.352727	0.553653	0.559359	0.0103105
0.353636	0.552872	0.556491	0.186002
0.354545	0.548826	0.553637	0.340469
0.355455	0.546066	0.550798	0.458549
0.356364	0.544185	0.547974	0.527146
0.357273	0.539297	0.545164	0.541258
0.358182	0.538919	0.542368	0.498489
0.359091	0.53437	0.539587	0.40487
0.36	0.532984	0.53682	0.270325
0.360909	0.530296	0.534067	0.108676
0.361818	0.526348	0.531328	-0.0619073
0.362727	0.525395	0.528603	-0.225191
0.363636	0.520161	0.525893	-0.362929
0.364545	0.519717	0.523196	-0.462109
0.365455	0.51576	0.520513	-0.512613
0.366364	0.513151	0.517844	-0.509198
0.367273	0.510308	0.515188	-0.453915
0.368182	0.509357	0.512546	-0.351572
0.369091	0.504304	0.509918	-0.214584
0.37	0.503847	0.507303	-0.0566077
0.370909	0.500003	0.504701	0.105641
0.371818	0.497683	0.502113	0.254748
0.372727	0.495772	0.499538	0.376584
0.373636	0.491146	0.496977	0.457431
0.374545	0.490973	0.494428	0.49058
0.375455	0.486698	0.491893	0.472378
0.376364	0.485592	0.48937	0.405237
0.377273	0.483076	0.486861	0.297312
0.378182	0.479591	0.484364	0.158988
0.379091	0.478722	0.48188	0.00622063
0.38	0.47382	0.479409	-0.146112
0.380909	0.473649	0.476951	-0.281759
0.381818	0.469928	0.474505	-0.386643
0.382727	0.467908	0.472071	-0.451092
0.383636	0.465924	0.469651	-0.467618
0.384545	0.464134	0.467242	-0.43624
0.385455	0.459418	0.464846	-0.359839
0.386364	0.459238	0.462462	-0.247006
0.387273	0.455621	0.460091	-0.110259
0.388182	0.453686	0.457732	0.0370271
0.389091	0.451729	0.455384	0.178269
0.39	0.447546	0.453049	0.299991
0.390909	0.447293	0.450726	0.389232
0.391818	0.443614	0.448414	0.436993
0.392727	0.442349	0.446115	0.439498
0.393636	0.439945	0.443827	0.395823
0.394545	0.436898	0.441551	0.31212
0.395455	0.436103	0.439287	0.196646
0.396364	0.43152	0.437034	0.0618827
0.397273	0.431633	0.434793	-0.0775743
0.398182	0.428254	0.432563	-0.208219
0.399091	0.426534	0.430345	-0.315471
0.4	0.424633	0.428138	-0.389441
0.400909	0.42122	0.425943	-0.422366
0.401818	0.418649	0.423759	-0.41106
0.402727	0.418448	0.421585	-0.357932
0.403636	0.415242	0.419424	-0.267813
0.404545	0.413561	0.417273	-0.15144
0.405455	0.411764	0.415133	-0.0204969
0.406364	0.408085	0.413004	0.111318
0.407273	0.407703	0.410886	0.229749
0.408182	0.403883	0.408779	0.323693
0.409091	0.403114	0.406683	0.38263
0.41	0.400618	0.404597	0.401557
0.410909	0.398051	0.402523	0.378772
0.411818	0.397109	0.400458	0.316593
0.412727	0.393188	0.398405	0.222778
0.413636	0.393113	0.396362	0.106315
0.414545	0.390138	0.394329	-0.0197236
0.415455	0.388613	0.392307	-0.142461
0.416364	0.387001	0.390295	-0.249596
0.417273	0.383593	0.388294	-0.329363
0.418182	0.383289	0.386303	-0.374809
0.419091	0.37939	0.384322	-0.38077
0.42	0.378127	0.382351	-0.347353
0.420909	0.376648	0.38039	-0.278714
0.421818	0.375144	0.378439	-0.181525
0.422727	0.371813	0.376499	-0.0671236
0.423636	0.371622	0.374568	0.0532982
0.424545	0.367928	0.372647	0.166882
0.425455	0.367562	0.370736	0.261688
0.426364	0.365143	0.368835	0.328861
0.427273	0.362982	0.366944	0.360773
0.428182	0.361851	0.365062	0.355285
0.429091	0.358476	0.36319	0.313025
0.43	0.358097	0.361327	0.238475
0.430909	0.355145	0.359475	0.14043
0.431818	0.353919	0.357631	0.0283364
0.432727	0.352344	0.355797	-0.0853112
0.433636	0.349395	0.353973	-0.189017
0.434545	0.349095	0.352157	-0.272463
0.435455	0.345698	0.350352	-0.32646
0.436364	0.345385	0.348555	-0.346641
0.437273	0.343223	0.346767	-0.330572
0.438182	0.341534	0.344989	-0.280485
0.439091	0.338702	0.34322	-0.202288
0.44	0.338319	0.34146	-0.103564
0.440909	0.33533	0.339709	0.00438049
0.441818	0.3347	0.337967	0.110892
0.442727	0.332645	0.336234	0.204883
0.443636	0.330675	0.33451	0.276291
0.444545	0.329818	0.332794	0.318787
0.445455	0.326255	0.331088	0.327441
0.446364	0.326518	0.32939	0.302199
0.447273	0.323717	0.327701	0.246072
0.448182	0.322753	0.32602	0.164614
0.449091	0.32108	0.324348	0.0673534
0.45	0.318543	0.322685	-0.0362353
0.450909	0.318009	0.32103	-0.135034
0.451818	0.314657	0.319384	-0.218654
0.452727	0.314538	0.317746	-0.279277
0.453636	0.312401	0.316117	-0.310036
0.454545	0.310415	0.314496	-0.308683
0.455455	0.308883	0.312883	-0.275542
0.456364	0.308482	0.311278	-0.213971
0.457273	0.3052	0.309682	-0.131391
0.458182	0.305124	0.308094	-0.0357781
0.459091	0.302928	0.306514	0.0623871
0.46	0.301354	0.304942	0.15285
0.460909	0.300274	0.303379	0.226898
0.461818	0.297249	0.301823	0.276245
0.462727	0.297248	0.300275	0.296706
0.463636	0.294712	0.298735	0.286234
0.464545	0.29387	0.297203	0.245921
0.465455	0.29246	0.295679	0.180943
0.466364	0.290147	0.294163	0.0975118
0.467273	0.289818	0.292654	0.00492007
0.468182	0.286834	0.291154	-0.0871203
0.469091	0.286782	0.289661	-0.169621
0.47	0.284798	0.288175	-0.233381
0.470909	0.28335	0.286697	-0.272637
0.471818	0.282345	0.285227	-0.283372
0.472727	0.280814	0.283765	-0.264453
0.473636	0.278237	0.282309	-0.218829
0.474545	0.27784	0.280862	-0.15077
0.475455	0.275985	0.279421	-0.0679559
0.476364	0.274534	0.277989	0.0207957
0.477273	0.2737	0.276563	0.106803
0.478182	0.270896	0.275145	0.180455
0.479091	0.271037	0.273734	0.234816
0.48	0.268642	0.27233	0.264363
0.480909	0.267997	0.270934	0.26589
0.481818	0.266531	0.269544	0.240233
0.482727	0.264587	0.268162	0.189679
0.483636	0.264041	0.266787	0.119981
0.484545	0.261193	0.265419	0.0387944
0.485455	0.261197	0.264058	-0.0459984
0.486364	0.259221	0.262704	-0.124897
0.487273	0.258021	0.261356	-0.1902
0.488182	0.257032	0.260016	-0.235393
0.489091	0.254819	0.258683	-0.255464
0.49	0.253317	0.257356	-0.249296
0.490909	0.253305	0.256036	-0.217302
0.491818	0.25147	0.254723	-0.163084
0.492727	0.250294	0.253417	-0.0929285
0.493636	0.249325	0.252118	-0.0135678
0.494545	0.246942	0.250825	0.0661308
0.495455	0.246832	0.249539	0.138056
0.496364	0.24447	0.248259	0.195204
0.497273	0.244013	0.246986	0.231157
0.498182	0.242566	0.245719	0.243017
0.499091	0.240888	0.244459	0.229586
0.5	0.240359	0.243206	0.192238
0.500909	0.23796	0.241958	0.135707
0.501818	0.237858	0.240718	0.0654158
0.502727	0.236158	0.239483	-0.0109383
0.503636	0.235067	0.238255	-0.0851833
0.504545	0.234243	0.237033	-0.150249
0.505455	0.231992	0.235818	-0.198868
0.506364	0.232006	0.234609	-0.226509
0.507273	0.229858	0.233405	-0.230694
0.508182	0.228579	0.232209	-0.210674
0.509091	0.227436	0.231018	-0.169406
0.51	0.226445	0.229833	-0.111026
0.510909	0.224625	0.228654	-0.0416166
0.511818	0.224217	0.227482	0.030996
0.512727	0.2228	0.226315	0.0999011
0.513636	0.221714	0.225155	0.157653
0.514545	0.220658	0.224	0.198278
0.515455	0.218947	0.222851	0.21828
0.516364	0.218533	0.221709	0.215183
0.517273	0.216844	0.220572	0.189903
0.518182	0.21631	0.219441	0.145408
0.519091	0.21471	0.218315	0.085978
0.52	0.213811	0.217196	0.0185291
0.520909	0.212952	0.216082	-0.0502135
0.521818	0.211462	0.214974	-0.113264
0.522727	0.210889	0.213872	-0.163629
0.523636	0.208856	0.212775	-0.196825
0.524545	0.208533	0.211684	-0.209291
0.525455	0.207115	0.210598	-0.199777
0.526364	0.206347	0.209518	-0.170036
0.527273	0.204769	0.208444	-0.122774
0.528182	0.204235	0.207375	-0.0633168
0.529091	0.20309	0.206311	0.00183854
0.53	0.202008	0.205253	0.0664532
0.530909	0.201123	0.204201	0.123303
0.531818	0.199531	0.203154	0.166779
0.532727	0.199125	0.202112	0.192804
0.533636	0.197572	0.201075	0.198291
0.534545	0.197105	0.200044	0.183386
0.535455	0.195549	0.199018	0.14973
0.536364	0.194838	0.197998	0.100649
0.537273	0.193939	0.196983	0.0419627
0.538182	0.192733	0.195972	-0.0206006
0.539091	0.192057	0.194967	-0.0805158
0.54	0.190388	0.193968	-0.131191
0.540909	0.18998	0.192973	-0.168059
0.541818	0.188643	0.191983	-0.187089
0.542727	0.188064	0.190999	-0.1864
0.543636	0.186548	0.190019	-0.166752
0.544545	0.186039	0.189045	-0.12982
0.545455	0.185024	0.188076	-0.0798531
0.546364	0.184032	0.187111	-0.0223707
0.547273	0.183242	0.186152	0.0371412
0.548182	0.181796	0.185197	0.092011
0.549091	0.181383	0.184247	0.13673
0.55	0.17998	0.183302	0.167113
0.550909	0.179557	0.182362	0.179605
0.551818	0.178087	0.181427	0.173499
0.552727	0.17753	0.180497	0.149651
0.553636	0.176636	0.179571	0.110269
0.554545	0.175626	0.17865	0.0601309
0.555455	0.174939	0.177734	0.00426492
0.556364	0.173504	0.176823	-0.0516828
0.557273	0.173096	0.175916	-0.101407
0.558182	0.171798	0.175014	-0.140306
0.559091	0.171373	0.174117	-0.164365
0.56	0.170284	0.173224	-0.170904
0.560909	0.169428	0.172335	-0.159971
0.561818	0.168605	0.171452	-0.13252
0.562727	0.167604	0.170572	-0.0914754
0.563636	0.167003	0.169698	-0.041687
0.564545	0.165574	0.168827	0.0121128
0.565455	0.165176	0.167962	0.0641346
0.566364	0.164	0.1671	0.108743
0.567273	0.163524	0.166243	0.141928
0.568182	0.162563	0.165391	0.159979
0.569091	0.161668	0.164543	0.161159
0.57	0.160899	0.163699	0.145947
0.570909	0.160016	0.16286	0.115575
0.571818	0.159382	0.162024	0.0735543
0.572727	0.158079	0.161194	0.0245938
0.573636	0.157652	0.160367	-0.0266851
0.574545	0.156503	0.159545	-0.0745535
0.575455	0.156106	0.158726	-0.11408
0.576364	0.155126	0.157912	-0.141679
0.577273	0.154355	0.157103	-0.154116
0.578182	0.153642	0.156297	-0.150465
0.579091	0.152661	0.155496	-0.131518
0.58	0.152224	0.154698	-0.0988828
0.580909	0.150793	0.153905	-0.056451
0.581818	0.150596	0.153116	-0.00876222
0.582727	0.14951	0.15233	0.0396306
0.583636	0.148838	0.151549	0.0832368
0.584545	0.148208	0.150772	0.117743
0.585455	0.147166	0.149999	0.139971
0.586364	0.146708	0.14923	0.147241
0.587273	0.145906	0.148464	0.139271
0.588182	0.145155	0.147703	0.117168
0.589091	0.144118	0.146946	0.0829
0.59	0.143623	0.146192	0.0405657
0.590909	0.142614	0.145442	-0.00542019
0.591818	0.142166	0.144697	-0.0506338
0.592727	0.141385	0.143955	-0.0899186
0.593636	0.140564	0.143216	-0.119479
0.594545	0.139961	0.142482	-0.136599
0.595455	0.13879	0.141751	-0.139143
0.596364	0.13863	0.141024	-0.127336
0.597273	0.137494	0.140301	-0.102642
0.598182	0.137192	0.139582	-0.0672997
0.599091	0.136273	0.138866	-0.0255014
0.6	0.135574	0.138154	0.0184134
0.600909	0.135136	0.137445	0.0602464
0.601818	0.134002	0.136741	0.0952192
0.602727	0.133809	0.136039	0.119966
0.603636	0.132569	0.135342	0.132295
0.604545	0.13205	0.134648	0.130578
0.605455	0.131507	0.133957	0.115425
0.606364	0.13101	0.13327	0.0886944
0.607273	0.129785	0.132587	0.05281
0.608182	0.129704	0.131907	0.0119495
0.609091	0.128718	0.13123	-0.0295705
0.61	0.128226	0.130558	-0.0678618
0.610909	0.127476	0.129888	-0.0985695
0.611818	0.126582	0.129222	-0.118662
0.612727	0.126275	0.128559	-0.126521
0.613636	0.125217	0.1279	-0.121001
0.614545	0.124938	0.127244	-0.10297
0.615455	0.124012	0.126592	-0.0747024
0.616364	0.123599	0.125942	-0.0387582
0.617273	0.122991	0.125297	0.00082764
0.618182	0.122216	0.124654	0.0397176
0.619091	0.121811	0.124015	0.0743586
0.62	0.12075	0.123379	0.100911
0.620909	0.120476	0.122746	0.116577
0.621818	0.119859	0.122117	0.120295
0.622727	0.119277	0.121491	0.111454
0.623636	0.118133	0.120868	0.0910307
0.624545	0.118141	0.120248	0.0616774
0.625455	0.11713	0.119631	0.0261388
0.626364	0.116851	0.119018	-0.011853
0.627273	0.116251	0.118407	-0.0479518
0.628182	0.115411	0.1178	-0.0788505
0.629091	0.115224	0.117196	-0.101364
0.63	0.114006	0.116595	-0.112888
0.630909	0.114039	0.115997	-0.112766
0.631818	0.113168	0.115402	-0.101048
0.632727	0.112701	0.11481	-0.0787294
0.633636	0.112226	0.114222	-0.0486612
0.634545	0.111215	0.113636	-0.0139169
0.635455	0.11113	0.113053	0.0221725
0.636364	0.110008	0.112473	0.0554233
0.637273	0.109885	0.111897	0.0825651
0.638182	0.109166	0.111323	0.101146
0.639091	0.108499	0.110752	0.108893
0.64	0.107855	0.110184	0.105274
0.640909	0.107774	0.109619	0.0910572
0.641818	0.106751	0.109057	0.0673868
0.642727	0.10657	0.108498	0.0369708
0.643636	0.105865	0.107941	0.0032981
0.644545	0.105228	0.107388	-0.0305499
0.645455	0.104907	0.106837	-0.0609077
0.646364	0.103965	0.106289	-0.0843979
0.647273	0.103812	0.105744	-0.0990935
0.648182	0.103036	0.105202	-0.10341
0.649091	0.102585	0.104662	-0.0967291
0.65	0.102125	0.104126	-0.080282
0.650909	0.101337	0.103592	-0.0557313
0.651818	0.101155	0.10306	-0.0254089
0.652727	0.10021	0.102532	0.00706835
0.653636	0.100057	0.102006	0.0384356
0.654545	0.0994896	0.101483	0.0657675
0.655455	0.0988441	0.100963	0.0858672
0.656364	0.0986348	0.100445	0.0968162
0.657273	0.0976839	0.0999298	0.0979048
0.658182	0.0972084	0.0994174	0.0887251
0.659091	0.0970089	0.0989076	0.0703797
0.66	0.0964156	0.0984003	0.0452124
0.660909	0.0958111	0.0978957	0.0155207
0.661818	0.0955811	0.0973937	-0.0155771
0.662727	0.0945264	0.0968943	-0.0444745
0.663636	0.0946221	0.0963974	-0.0685521
0.664545	0.0939207	0.0959031	-0.0854229
0.665455	0.093542	0.0954113	-0.0930197
0.666364	0.0931853	0.094922	-0.0909601
0.667273	0.0923445	0.0944352	-0.0796712
0.668182	0.0923235	0.093951	-0.0600041
0.669091	0.0914477	0.0934692	-0.0343364
0.67	0.0913387	0.0929899	-0.00556413
0.670909	0.0907878	0.092513	0.0237217
0.671818	0.0902343	0.0920386	0.0502938
0.672727	0.0900013	0.0915666	0.0711868
0.673636	0.0890141	0.091097	0.0847068
0.674545	0.0890922	0.0906299	0.0894162
0.675455	0.0884585	0.0901651	0.0846119
0.676364	0.0879529	0.0897028	0.0712715
0.677273	0.0873913	0.0892428	0.0508369
0.678182	0.0872072	0.0887851	0.0251361
0.679091	0.0862286	0.0883298	-0.0027831
0.68	0.0863448	0.0878769	-0.0299384
0.680909	0.0856766	0.0874262	-0.0539235
0.681818	0.0853688	0.0869779	-0.072026
0.682727	0.0850045	0.0865319	-0.0822626
0.683636	0.0842828	0.0860881	-0.0840623
0.684545	0.0842156	0.0856467	-0.077156
0.685455	0.0833433	0.0852075	-0.0620827
0.686364	0.0833134	0.0847705	-0.0408744
0.687273	0.0827366	0.0843358	-0.0157315
0.688182	0.0823017	0.0839033	0.0110465
0.689091	0.0820158	0.083473	0.0363377
0.69	0.0811844	0.083045	0.057473
0.690909	0.0811848	0.0826191	0.0726989
0.691818	0.0804294	0.0821955	0.0802562
0.692727	0.079685	0.081774	0.0792496
0.693636	0.0797009	0.0813546	0.0702695
0.694545	0.07952	0.0809374	0.0542043
0.695455	0.0786375	0.0805224	0.0324885
0.696364	0.0787398	0.0801094	0.00778462
0.697273	0.0781059	0.0796986	-0.0173003
0.698182	0.0778558	0.0792899	-0.0405406
0.699091	0.0774983	0.0788833	-0.059284
0.7	0.0768713	0.0784788	-0.0714704
0.700909	0.0767845	0.0780764	-0.0763008
0.701818	0.0759615	0.077676	-0.0732193
0.702727	0.0759678	0.0772777	-0.0623321
0.703636	0.0754152	0.0768814	-0.0451976
0.704545	0.0750516	0.0764871	-0.0236832
0.705455	0.0747653	0.0760949	0.000314906
0.706364	0.0740395	0.0757047	0.0240436
0.707273	0.0740151	0.0753164	0.0448577
0.708182	0.0733034	0.0749302	0.0610202
0.709091	0.0731682	0.074546	0.0708209
0.71	0.0727244	0.0741637	0.0729889
0.710909	0.0724366	0.0737834	0.0676957
0.711818	0.0716568	0.073405	0.0556625
0.712727	0.071734	0.0730286	0.0378187
0.713636	0.0711657	0.0726541	0.0162441
0.714545	0.0709377	0.0722815	-0.00652869
0.715455	0.0706257	0.0719108	-0.0284872
0.716364	0.0700508	0.0715421	-0.047385
0.717273	0.0699894	0.0711752	-0.0609323
0.718182	0.0692657	0.0708102	-0.0680155
0.719091	0.0692598	0.0704471	-0.0681765
0.72	0.0687824	0.0700858	-0.0610977
0.720909	0.0684398	0.0697264	-0.0476263
0.721818	0.0682042	0.0693689	-0.0295659
0.722727	0.0675324	0.0690131	-0.00856482
0.723636	0.0675341	0.0686592	0.0133437
0.724545	0.066888	0.0683071	0.0335079
0.725455	0.0667749	0.0679569	0.0499337
0.726364	0.0663678	0.0676084	0.061289
0.727273	0.0659297	0.0672617	0.0661694
0.728182	0.0653313	0.0669168	0.0639872
0.729091	0.0653075	0.0665736	0.0554162
0.73	0.0647361	0.0662322	0.0413251
0.730909	0.0645785	0.0658926	0.0229056
0.731818	0.0642495	0.0655547	0.00238908
0.732727	0.063768	0.0652185	-0.0179293
0.733636	0.0636769	0.064884	-0.0363217
0.734545	0.0630392	0.0645513	-0.0508336
0.735455	0.0630206	0.0642203	-0.0596752
0.736364	0.0626159	0.063891	-0.0622551
0.737273	0.0622835	0.0635633	-0.058544
0.738182	0.062107	0.0632374	-0.0486258
0.739091	0.0614681	0.0629131	-0.0336267
0.74	0.0615149	0.0625905	-0.0154938
0.740909	0.0609987	0.0622695	0.00409567
0.741818	0.0608422	0.0619502	0.0233138
0.742727	0.0605446	0.0616325	0.039828
0.743636	0.0600915	0.0613164	0.0519371
0.744545	0.0600081	0.061002	0.0587932
0.745455	0.0593522	0.0606892	0.059568
0.746364	0.0591181	0.060378	0.0539784
0.747273	0.0590621	0.0600683	0.0429823
0.748182	0.0586652	0.0597603	0.0278728
0.749091	0.05832	0.0594538	0.00988973
0.75	0.0581334	0.059149	-0.00898783
0.750909	0.0575051	0.0588456	-0.0264787
0.751818	0.057525	0.0585439	-0.0410384
0.752727	0.0570251	0.0582437	-0.0513839
0.753636	0.0568427	0.057945	-0.0561424
0.754545	0.0565524	0.0576478	-0.0548566
0.755455	0.056089	0.0573522	-0.0480778
0.756364	0.0560046	0.0570581	-0.0364146
0.757273	0.0554417	0.0567655	-0.0208394
0.758182	0.0553843	0.0564744	-0.00328607
0.759091	0.0550286	0.0561848	0.0142573
0.76	0.0546938	0.0558967	0.0303285
0.760909	0.0545417	0.05561	0.0432714
0.761818	0.0539358	0.0553249	0.0514321
0.762727	0.0539832	0.0550412	0.0541795
0.763636	0.0536933	0.0547589	0.0515598
0.764545	0.0534187	0.0544781	0.0436165
0.765455	0.0530324	0.0541987	0.0310737
0.766364	0.0529529	0.0539208	0.0156235
0.767273	0.0524135	0.0536443	-0.00109948
0.768182	0.0524171	0.0533692	-0.0177014
0.769091	0.0520696	0.0530955	-0.0323297
0.77	0.0518136	0.0528232	-0.0431979
0.770909	0.0516544	0.0525524	-0.0494738
0.771818	0.0511446	0.0522829	-0.0507484
0.772727	0.05117	0.0520148	-0.0466139
0.773636	0.050723	0.051748	-0.037486
0.774545	0.0506187	0.0514826	-0.0247125
0.775455	0.0503538	0.0512186	-0.00958869
0.776364	0.0500025	0.050956	0.00662539
0.777273	0.0499164	0.0506947	0.0220592
0.778182	0.0493517	0.0504347	0.0348616
0.779091	0.0494129	0.0501761	0.0440092
0.78	0.0490256	0.0499188	0.0487614
0.780909	0.0481855	0.0496628	0.0483418
0.781818	0.0485433	0.0494081	0.0427898
0.782727	0.048447	0.0491547	0.033081
0.783636	0.0478834	0.0489027	0.0202073
0.784545	0.0479572	0.0486519	0.00520293
0.785455	0.0475631	0.0484024	-0.0102001
0.786364	0.0474054	0.0481542	-0.0241231
0.787273	0.0471814	0.0479073	-0.0353832
0.788182	0.0467939	0.0476616	-0.0430522
0.789091	0.0467367	0.0474172	-0.0460715
0.79	0.0462279	0.047174	-0.0440537
0.790909	0.0462311	0.0469321	-0.0375949
0.791818	0.0458896	0.0466914	-0.0274403
0.792727	0.0456665	0.046452	-0.0143348
0.793636	0.0454895	0.0462138	0.000277297
0.794545	0.045045	0.0459768	0.0145412
0.795455	0.0450294	0.045741	0.0271251
0.796364	0.0445945	0.0455065	0.0370376
0.797273	0.0445113	0.0452731	0.0430718
0.798182	0.0442387	0.0450409	0.0443995
0.799091	0.0441909	0.04481	0.041196
0.8	0.0437325	0.0445802	0.0340245
0.800909	0.0437467	0.0443516	0.0233647
0.801818	0.0433361	0.0441241	0.0102335
0.802727	0.0432461	0.0438979	-0.00365797
0.803636	0.0429923	0.0436727	-0.016808
0.804545	0.0426912	0.0434488	-0.0282012
0.805455	0.0425912	0.043226	-0.0366717
0.806364	0.0420928	0.0430043	-0.0410376
0.807273	0.0421346	0.0427838	-0.040953
0.808182	0.0417903	0.0425644	-0.0367967
0.809091	0.0416243	0.0423461	-0.0289252
0.81	0.0414313	0.042129	-0.017885
0.810909	0.0410622	0.0419129	-0.00501137
0.811818	0.0410177	0.041698	0.00806297
0.812727	0.040608	0.0414842	0.0201824
0.813636	0.0405511	0.0412714	0.0303589
0.814545	0.04029	0.0410598	0.0373297
0.815455	0.0400333	0.0408492	0.0401788
0.816364	0.0399044	0.0406397	0.0389092
0.817273	0.0399375	0.0404313	0.0338951
0.818182	0.0395772	0.040224	0.0254194
0.819091	0.0394855	0.0400177	0.01422
0.82	0.0392685	0.0398125	0.00177229
0.820909	0.0389839	0.0396084	-0.0104722
0.821818	0.0389076	0.0394052	-0.0215484
0.822727	0.0384538	0.0392032	-0.0304529
0.823636	0.038496	0.0390021	-0.0359801
0.824545	0.0381828	0.0388021	-0.03748
0.825455	0.0380354	0.0386032	-0.0351504
0.826364	0.0378603	0.0384052	-0.0293713
0.827273	0.0375274	0.0382082	-0.0204615
0.828182	0.0374879	0.0380123	-0.00928478
0.829091	0.037096	0.0378174	0.00266378
0.83	0.0370671	0.0376235	0.0140555
0.830909	0.0368105	0.0374305	0.0240336
0.831818	0.0365995	0.0372386	0.031664
0.832727	0.0364758	0.0370476	0.035867
0.833636	0.0360257	0.0368576	0.0361567
0.834545	0.0360427	0.0366686	0.0328559
0.835455	0.0358812	0.0364806	0.0264367
0.836364	0.0357629	0.0362935	0.017286
0.837273	0.0354263	0.0361074	0.00627424
0.838182	0.0354353	0.0359222	-0.00513666
0.839091	0.0351159	0.035738	-0.0156428
0.84	0.0350615	0.0355547	-0.024463
0.840909	0.0348696	0.0353724	-0.0308401
0.841818	0.034643	0.035191	-0.0338536
0.842727	0.0345764	0.0350106	-0.033067
0.843636	0.0341812	0.034831	-0.0288725
0.844545	0.0342376	0.0346524	-0.0219228
0.845455	0.0339645	0.0344747	-0.0127119
0.846364	0.0338547	0.0342979	-0.00200617
0.847273	0.0337049	0.034122	0.00884238
0.848182	0.033429	0.0339471	0.018474
0.849091	0.0334003	0.033773	0.0261038
0.85	0.0330436	0.0335998	0.0312252
0.850909	0.0330521	0.0334275	0.0331723
0.851818	0.0327586	0.0332561	0.0314915
0.852727	0.0325046	0.0330855	0.0265119
0.853636	0.0323541	0.0329159	0.0190856
0.854545	0.0322171	0.0327471	0.00993916
0.855455	0.0319095	0.0325791	-0.000277303
0.856364	0.0318874	0.0324121	-0.0104865
0.857273	0.0315915	0.0322459	-0.0193176
0.858182	0.0315168	0.0320805	-0.0258192
0.859091	0.0313345	0.031916	-0.0296458
0.86	0.0311068	0.0317523	-0.0305451
0.860909	0.031036	0.0315895	-0.0281773
0.861818	0.0307097	0.0314275	-0.0226427
0.862727	0.0306972	0.0312663	-0.0147813
0.863636	0.0304812	0.031106	-0.00566415
0.864545	0.0303196	0.0309465	0.00392903
0.865455	0.0302119	0.0307878	0.0132791
0.866364	0.0299044	0.0306299	0.0213187
0.867273	0.0299029	0.0304728	0.0269246
0.868182	0.0296609	0.0303166	0.0295601
0.869091	0.0291861	0.0301611	0.0292922
0.87	0.0293345	0.0300064	0.0262509
0.870909	0.0292998	0.0298526	0.0204932
0.871818	0.02903	0.0296995	0.0124821
0.872727	0.0289938	0.0295472	0.00330467
0.873636	0.028827	0.0293957	-0.00584223
0.874545	0.028651	0.0292449	-0.0141692
0.875455	0.0285851	0.0290949	-0.021111
0.876364	0.0282828	0.0289457	-0.0259073
0.877273	0.0283057	0.0287973	-0.0277774
0.878182	0.0281048	0.0286496	-0.0265036
0.879091	0.0279899	0.0285027	-0.0225355
0.88	0.0278885	0.0283565	-0.0164732
0.880909	0.0276389	0.0282111	-0.00874295
0.881818	0.0276351	0.0280665	8.68522e-05
0.882727	0.0273943	0.0279225	0.0089696
0.883636	0.0273457	0.0277793	0.0166884
0.884545	0.0272034	0.0276369	0.0224546
0.885455	0.0270216	0.0274952	0.0259872
0.886364	0.0269757	0.0273542	0.0270738
0.887273	0.0267255	0.0272139	0.0253901
0.888182	0.0264936	0.0270743	0.0209029
0.889091	0.0264445	0.0269355	0.0142338
0.89	0.0263059	0.0267974	0.00638984
0.890909	0.0261302	0.02666	-0.00179435
0.891818	0.0260829	0.0265232	-0.00975672
0.892727	0.0258172	0.0263872	-0.0168281
0.893636	0.0258259	0.0262519	-0.0220749
0.894545	0.0256524	0.0261173	-0.024715
0.895455	0.0255358	0.0259834	-0.0245795
0.896364	0.0254529	0.0258501	-0.0220089
0.897273	0.0252139	0.0257176	-0.0173752
0.898182	0.0252196	0.0255857	-0.0109257
0.899091	0.0250069	0.0254545	-0.00312738
0.9	0.0249536	0.0253239	0.00506908
0.900909	0.0248307	0.0251941	0.0125202
0.901818	0.024656	0.0250649	0.0184253
0.902727	0.0246211	0.0249363	0.0224581
0.903636	0.0243652	0.0248085	0.0244164
0.904545	0.0241226	0.0246812	0.0239688
0.905455	0.0240705	0.0245547	0.0209004
0.906364	0.0238283	0.0244288	0.0155289
0.907273	0.0238055	0.0243035	0.00870149
0.908182	0.023645	0.0241789	0.00133572
0.909091	0.0235109	0.0240549	-0.00594158
0.91	0.023431	0.0239315	-0.0126654
0.910909	0.023188	0.0238088	-0.0181954
0.911818	0.0231873	0.0236867	-0.0217194
0.912727	0.0230059	0.0235652	-0.0226733
0.913636	0.0229147	0.0234444	-0.021085
0.914545	0.0228113	0.0233242	-0.0174338
0.915455	0.0226142	0.0232046	-0.0122221
0.916364	0.0225874	0.0230856	-0.00579218
0.917273	0.0223879	0.0229672	0.00143552
0.918182	0.0223353	0.0228494	0.00868112
0.919091	0.0222115	0.0227322	0.0149215
0.92	0.0220558	0.0226157	0.0193403
0.920909	0.0220064	0.0224997	0.0216337
0.921818	0.0217903	0.0223843	0.0218695
0.922727	0.0222173	0.0222695	0.0201313
0.923636	0.0220531	0.0221553	0.0164054
0.924545	0.0220272	0.0220417	0.0108416
0.925455	0.021782	0.0219287	0.00404056
0.926364	0.0218073	0.0218162	-0.00302207
0.927273	0.0216463	0.0217043	-0.00940532
0.928182	0.0215586	0.021593	-0.0145407
0.929091	0.0214801	0.0214823	-0.0181878
0.93	0.0212823	0.0213721	-0.0201373
0.930909	0.0212845	0.0212625	-0.0200605
0.931818	0.0210725	0.0211535	-0.0177088
0.932727	0.0210602	0.021045	-0.0132478
0.933636	0.0209298	0.0209371	-0.00734648
0.934545	0.0208083	0.0208297	-0.000897657
0.935455	0.0207578	0.0207229	0.00536687
0.936364	0.0205299	0.0206167	0.0110122
0.937273	0.0205574	0.0205109	0.0157158
0.938182	0.0203764	0.0204058	0.0190307
0.939091	0.0203296	0.0203011	0.0204035
0.94	0.020389	0.020197	0.0194668
0.940909	0.0203091	0.0200934	0.0163266
0.941818	0.0201202	0.0199904	0.0115594
0.942727	0.0201199	0.0198879	0.00591606
0.943636	0.0199093	0.0197859	3.03721e-06
0.944545	0.019903	0.0196844	-0.00579053
0.945455	0.019772	0.0195835	-0.0111098
0.946364	0.0196591	0.0194831	-0.0154366
0.947273	0.0196065	0.0193832	-0.0181206
0.948182	0.0193894	0.0192838	-0.0186507
0.949091	0.0194134	0.0191849	-0.0169399
0.95	0.019234	0.0190865	-0.0133781
0.950909	0.0191936	0.0189886	-0.00861222
0.951818	0.019091	0.0188912	-0.00324217
0.952727	0.0189482	0.0187944	0.00232271
0.953636	0.0189209	0.018698	0.00776792
0.954545	0.0186961	0.0186021	0.0126759
0.955455	0.0187245	0.0185067	0.0164476
0.956364	0.0185747	0.0184118	0.0184508
0.957273	0.0182332	0.0183174	0.0182995
0.958182	0.0178363	0.0182234	0.016053
0.959091	0.0177211	0.01813	0.0121853
0.96	0.0176874	0.018037	0.00735311
0.960909	0.0175044	0.0179445	0.00213536
0.961818	0.017516	0.0178525	-0.00307756
0.962727	0.0173946	0.017761	-0.00800182
0.963636	0.0173229	0.0176699	-0.0122934
0.964545	0.0172615	0.0175793	-0.0154642
0.965455	0.0171091	0.0174891	-0.0169738
0.966364	0.017106	0.0173994	-0.0164508
0.967273	0.0169574	0.0173102	-0.0138956
0.968182	0.0169288	0.0172214	-0.00972632
0.969091	0.0168399	0.0171331	-0.00463694
0.97	0.0167311	0.0170453	0.000646665
0.970909	0.0167007	0.0169579	0.00556844
0.971818	0.0165264	0.0168709	0.00980056
0.972727	0.0165449	0.0167844	0.0131581
0.973636	0.0164365	0.0166983	0.0154609
0.974545	0.0163964	0.0166127	0.016456
0.975455	0.0175844	0.0165275	0.015865
0.976364	0.0175418	0.0164427	0.0135311
0.977273	0.0173454	0.0163584	0.00957477
0.978182	0.0173737	0.0162745	0.00446035
0.979091	0.017219	0.0161911	-0.00107662
0.98	0.0171811	0.016108	-0.00621351
0.980909	0.0170998	0.0160254	-0.0102547
0.981818	0.0169717	0.0159433	-0.0127836
0.982727	0.0169698	0.0158615	-0.0136993
0.983636	0.0167997	0.0157802	-0.0131417
0.984545	0.0168856	0.0156992	-0.0113618
0.985455	0.016853	0.0156187	-0.00860739
0.986364	0.0169947	0.0155386	-0.00507572
0.987273	0.0171747	0.015459	-0.000943107
0.988182	0.0174269	0.0153797	0.00355935
0.989091	0.017741	0.0153008	0.00807662
0.99	0.01778	0.0152224	0.0121141
0.990909	0.0176229	0.0151443	0.0150963
0.991818	0.0170063	0.0150666	0.0164858
0.992727	0.0158676	0.0149894	0.0159253
0.993636	0.0133037	0.0149125	0.013352
0.994545	0.0121236	0.014836	0.00904702
0.995455	0.0125834	0.0147599	0.00360171
0.996364	0.0134691	0.0146843	-0.00218943
0.997273	0.0147176	0.014609	-0.00748111
0.998182	0.0155306	0.014534	-0.0115355
0.999091	0	0.0144595	0
