0	0.999593	1	-0.136723
0.000588235	1.00937	1	0.0401509
0.00117647	1.00976	1	0.245746
0.00176471	1.0078	1	0.440569
0.00235294	1.00366	1	0.616125
0.00294118	1.00233	1	0.764748
0.00352941	0.997375	1	0.879965
0.00411765	0.997128	1	0.956741
0.00470588	0.995265	1	0.991733
0.00529412	0.995768	1	0.983412
0.00588235	0.997632	1	0.932142
0.00647059	0.998689	1	0.840158
0.00705882	1.00343	1	0.711478
0.00764706	1.00441	1	0.551704
0.00823529	1.00872	1	0.367823
0.00882353	1.01	1	0.167836
0.00941176	1.00951	1	-0.0395127
0.01	1.01011	1	-0.245196
0.0105882	1.00615	1	-0.440225
0.0111765	1.00506	1	-0.61611
0.0117647	1.00163	1	-0.765156
0.0123529	0.99823	1	-0.880891
0.0129412	0.997132	1	-0.958227
0.0135294	0.993839	1	-0.993839
0.0141176	0.993438	1	-0.986119
0.0147059	0.997857	1	-0.935458
0.0152941	0.999191	1	-0.844014
0.0158824	1.00268	1	-0.715829
0.0164706	1.00614	1	-0.556434
0.0170588	1.00688	1	-0.372854
0.0176471	1.01062	1	-0.173011
0.0182353	1.00962	1	0.0342755
0.0188235	1.00952	1	0.240079
0.0194118	1.0079	1	0.435298
0.02	1.00325	1	0.611545
0.0205882	1.0023	1	0.761001
0.0211765	0.997761	1	0.877283
0.0217647	0.996983	1	0.95517
0.0223529	0.995462	1	0.991432
0.0229412	0.995429	1	0.984296
0.0235294	0.997604	1	0.934288
0.0241176	0.998131	1	0.843359
0.0247059	1.00322	1	0.715714
0.0252941	1.00463	1	0.556678
0.0258824	1.00844	1	0.373438
0.0264706	1.01011	1	0.173728
0.0270588	1.00913	1	-0.0334622
0.0276471	1.01007	1	-0.2394
0.0282353	1.00645	1	-0.434766
0.0288235	1.00485	1	-0.611399
0.0294118	1.00185	1	-0.761217
0.03	0.997924	1	-0.878068
0.0305882	0.997218	1	-0.956468
0.0311765	0.993422	1	-0.99339
0.0317647	0.993081	1	-0.986814
0.0323529	0.997663	1	-0.937463
0.0329412	0.999305	1	-0.847022
0.0335294	1.00228	1	-0.719932
0.0341176	1.00604	1	-0.561221
0.0347059	1.00628	1	-0.378337
0.0352941	1.01043	1	-0.178733
0.0358824	1.0099	1	0.0283605
0.0364706	1.0093	1	0.234438
0.0370588	1.00804	1	0.429969
0.0376471	1.00289	1	0.606985
0.0382353	1.00221	1	0.757182
0.0388235	0.998036	1	0.874606
0.0394118	0.996722	1	0.953531
0.04	0.995668	1	0.991114
0.0405882	0.995095	1	0.985127
0.0411765	0.997639	1	0.936408
0.0417647	0.997643	1	0.846514
0.0423529	1.00299	1	0.719931
0.0429412	1.00472	1	0.561617
0.0435294	1.00802	1	0.37904
0.0441176	1.01019	1	0.17961
0.0447059	1.00871	1	-0.0274338
0.0452941	1.01011	1	-0.233576
0.0458824	1.00677	1	-0.429338
0.0464706	1.00466	1	-0.606632
0.0470588	1.00192	1	-0.757307
0.0476471	0.997469	1	-0.875174
0.0482353	0.997222	1	-0.95474
0.0488235	0.993908	1	-0.992852
0.0494118	0.992789	1	-0.987564
0.05	0.997341	1	-0.939352
0.0505882	0.999512	1	-0.850118
0.0511765	1.00197	1	-0.723903
0.0517647	1.00604	1	-0.566125
0.0523529	1.00601	1	-0.383688
0.0529412	1.01013	1	-0.184594
0.0535294	1.01	1	0.0225745
0.0541176	1.00889	1	0.228627
0.0547059	1.00822	1	0.424777
0.0552941	1.00298	1	0.602215
0.0558824	1.00229	1	0.753512
0.0564706	0.998269	1	0.87169
0.0570588	0.996434	1	0.952047
0.0576471	0.995642	1	0.99055
0.0582353	0.994522	1	0.986113
0.0588235	0.997617	1	0.938281
0.0594118	0.997554	1	0.849835
0.06	1.00295	1	0.7239
0.0605882	1.00487	1	0.56674
0.0611765	1.00769	1	0.384401
0.0617647	1.01004	1	0.185689
0.0623529	1.00806	1	-0.021622
0.0629412	1.00996	1	-0.227556
0.0635294	1.00725	1	-0.424092
0.0641176	1.00463	1	-0.601677
0.0647059	1.00218	1	-0.753547
0.0652941	0.997224	1	-0.872103
0.0658824	0.997061	1	-0.95313
0.0664706	0.994103	1	-0.992162
0.0670588	0.992355	1	-0.988396
0.0676471	0.996929	1	-0.941131
0.0682353	0.999375	1	-0.853257
0.0688235	1.0013	1	-0.72782
0.0694118	1.00602	1	-0.57103
0.07	1.00652	1	-0.389051
0.0705882	1.01016	1	-0.190417
0.0711765	1.01016	1	0.0167087
0.0717647	1.00858	1	0.222895
0.0723529	1.00804	1	0.419433
0.0729412	1.00336	1	0.597571
0.0735294	1.00213	1	0.749616
0.0741176	0.998782	1	0.868957
0.0747059	0.996409	1	0.950265
0.0752941	0.995886	1	0.990223
0.0758824	0.994248	1	0.986745
0.0764706	0.997351	1	0.940445
0.0770588	0.997629	1	0.852759
0.0776471	1.00248	1	0.728214
0.0782353	1.00513	1	0.571432
0.0788235	1.00742	1	0.390159
0.0794118	1.01029	1	0.191315
0.08	1.00853	1	-0.0153707
0.0805882	1.00982	1	-0.221992
0.0811765	1.00724	1	-0.418384
0.0817647	1.00412	1	-0.597163
0.0823529	1.00227	1	-0.749322
0.0829412	0.996863	1	-0.869449
0.0835294	0.997296	1	-0.951072
0.0841176	0.994555	1	-0.99185
0.0847059	0.992244	1	-0.988822
0.0852941	0.996816	1	-0.943238
0.0858824	0.999647	1	-0.856055
0.0864706	1.00107	1	-0.732003
0.0870588	1.00577	1	-0.575684
0.0876471	1.00649	1	-0.394601
0.0882353	1.00962	1	-0.196099
0.0888235	1.01035	1	0.0107438
0.0894118	1.00824	1	0.217181
0.09	1.00839	1	0.414084
0.0905882	1.00383	1	0.592825
0.0911765	1.00212	1	0.745814
0.0917647	0.99875	1	0.865997
0.0923529	0.995861	1	0.948687
0.0929412	0.995771	1	0.98955
0.0935294	0.993566	1	0.98769
0.0941176	0.997448	1	0.94216
0.0947059	0.998152	1	0.856094
0.0952941	1.0025	1	0.732005
0.0958824	1.00512	1	0.576618
0.0964706	1.00694	1	0.395345
0.0970588	1.00994	1	0.1975
0.0976471	1.00862	1	-0.00971585
0.0982353	1.00963	1	-0.215832
0.0988235	1.0078	1	-0.413265
0.0994118	1.00416	1	-0.592049
0.1	1.00253	1	-0.74565
0.100588	0.997409	1	-0.866223
0.101176	0.996989	1	-0.949505
0.101765	0.994596	1	-0.991037
0.102353	0.991693	1	-0.989643
0.102941	0.996379	1	-0.944953
0.103529	0.999326	1	-0.859135
0.104118	1.00038	1	-0.735927
0.104706	1.00558	1	-0.580499
0.105294	1.00705	1	-0.400042
0.105882	1.00966	1	-0.201812
0.106471	1.01063	1	0.00472529
0.107059	1.00807	1	0.211575
0.107647	1.00815	1	0.408516
0.108235	1.00395	1	0.588317
0.108824	1.0017	1	0.741645
0.109412	0.999099	1	0.863392
0.11	0.995636	1	0.946618
0.110588	0.996149	1	0.98933
0.111176	0.993459	1	0.988059
0.111765	0.997363	1	0.944395
0.112353	0.998061	1	0.858816
0.112941	1.00191	1	0.736343
0.113529	1.00501	1	0.581198
0.114118	1.00629	1	0.401077
0.114706	1.0101	1	0.203122
0.115294	1.00922	1	-0.00354983
0.115882	1.00976	1	-0.210149
0.116471	1.00792	1	-0.407712
0.117059	1.00382	1	-0.587287
0.117647	1.0023	1	-0.741658
0.118235	0.997393	1	-0.863203
0.118824	0.996806	1	-0.947754
0.119412	0.99514	1	-0.990275
0.12	0.991882	1	-0.990434
0.120588	0.995751	1	-0.94657
0.121176	0.999423	1	-0.862333
0.121765	1.00041	1	-0.739628
0.122353	1.00571	1	-0.585562
0.122941	1.00726	1	-0.405161
0.123529	1.00942	1	-0.207887
0.124118	1.01046	1	-0.000896747
0.124706	1.00759	1	0.205517
0.125294	1.00795	1	0.403386
0.125882	1.00448	1	0.583311
0.126471	1.00169	1	0.737908
0.127059	0.999551	1	0.860298
0.127647	0.995564	1	0.944936
0.128235	0.996135	1	0.988674
0.128824	0.993575	1	0.988738
0.129412	0.99695	1	0.946286
0.13	0.998158	1	0.861752
0.130588	1.00144	1	0.74045
0.131176	1.00525	1	0.585895
0.131765	1.00599	1	0.406696
0.132353	1.01022	1	0.208769
0.132941	1.00943	1	0.00262696
0.133529	1.00952	1	-0.204538
0.134118	1.00787	1	-0.402024
0.134706	1.00327	1	-0.582688
0.135294	1.00228	1	-0.737426
0.135882	0.998005	1	-0.860412
0.136471	0.996872	1	-0.945699
0.137059	0.995521	1	-0.989776
0.137647	0.992477	1	-0.990899
0.138235	0.99553	1	-0.948451
0.138824	0.999561	1	-0.865226
0.139412	1.00028	1	-0.74357
0.14	1.00559	1	-0.590367
0.140588	1.00731	1	-0.410495
0.141176	1.00899	1	-0.213759
0.141765	1.01037	1	-0.00670398
0.142353	1.00753	1	0.199598
0.142941	1.00793	1	0.398114
0.143529	1.00495	1	0.578365
0.144118	1.00164	1	0.734092
0.144706	0.99977	1	0.857176
0.145294	0.995277	1	0.943242
0.145882	0.996033	1	0.987917
0.146471	0.993813	1	0.989463
0.147059	0.996647	1	0.948028
0.147647	0.99836	1	0.864775
0.148235	1.0011	1	0.744394
0.148824	1.00536	1	0.590701
0.149412	1.00568	1	0.412155
0.15	1.01016	1	0.214546
0.150588	1.00963	1	0.00864735
0.151176	1.00924	1	-0.198768
0.151765	1.00795	1	-0.39649
0.152353	1.00321	1	-0.577908
0.152941	1.00231	1	-0.733337
0.153529	0.998441	1	-0.857443
0.154118	0.996769	1	-0.943754
0.154706	0.995769	1	-0.98913
0.155294	0.99289	1	-0.991427
0.155882	0.995405	1	-0.95024
0.156471	0.999497	1	-0.86813
0.157059	1.00061	1	-0.747484
0.157647	1.00539	1	-0.595141
0.158235	1.00747	1	-0.415856
0.158824	1.00867	1	-0.219572
0.159412	1.0104	1	-0.0125934
0.16	1.00779	1	0.193764
0.160588	1.00779	1	0.392701
0.161176	1.00521	1	0.573537
0.161765	1.00137	1	0.730077
0.162353	0.999945	1	0.854203
0.162941	0.995104	1	0.941312
0.163529	0.996077	1	0.987319
0.164118	0.994157	1	0.989954
0.164706	0.996472	1	0.949906
0.165294	0.998407	1	0.867617
0.165882	1.00064	1	0.748411
0.166471	1.00524	1	0.59542
0.167059	1.0058	1	0.417608
0.167647	1.01001	1	0.220343
0.168235	1.01	1	0.0145873
0.168824	1.00911	1	-0.192883
0.169412	1.00817	1	-0.391094
0.17	1.00368	1	-0.572941
0.170588	1.00221	1	-0.729418
0.171176	0.998638	1	-0.854244
0.171765	0.996425	1	-0.941991
0.172353	0.995912	1	-0.988246
0.172941	0.993093	1	-0.992121
0.173529	0.99503	1	-0.951827
0.174118	0.999157	1	-0.871147
0.174706	1.00084	1	-0.751282
0.175294	1.00506	1	-0.599939
0.175882	1.00782	1	-0.421228
0.176471	1.00849	1	-0.2253
0.177059	1.01062	1	-0.0186303
0.177647	1.00807	1	0.188114
0.178235	1.00763	1	0.387034
0.178824	1.00518	1	0.568943
0.179412	1.00128	1	0.725766
0.18	0.999905	1	0.851448
0.180588	0.9954	1	0.93912
0.181176	0.996206	1	0.986858
0.181765	0.994741	1	0.990288
0.182353	0.996543	1	0.951793
0.182941	0.998532	1	0.870445
0.183529	1.00031	1	0.752304
0.184118	1.00488	1	0.600271
0.184706	1.00588	1	0.422825
0.185294	1.00953	1	0.226388
0.185882	1.01035	1	0.0202288
0.186471	1.00888	1	-0.186691
0.187059	1.00865	1	-0.385986
0.187647	1.00428	1	-0.56769
0.188235	1.00238	1	-0.725699
0.188824	0.998674	1	-0.850866
0.189412	0.995995	1	-0.940269
0.19	0.995654	1	-0.987357
0.190588	0.992942	1	-0.992658
0.191176	0.994373	1	-0.953609
0.191765	0.998789	1	-0.873827
0.192353	1.00059	1	-0.755438
0.192941	1.00428	1	-0.604297
0.193529	1.00779	1	-0.427029
0.194118	1.00821	1	-0.230603
0.194706	1.01097	1	-0.0250399
0.195294	1.00885	1	0.182736
0.195882	1.00798	1	0.381176
0.196471	1.00534	1	0.564367
0.197059	1.00074	1	0.721522
0.197647	0.999475	1	0.848419
0.198235	0.995527	1	0.937259
0.198824	0.995695	1	0.985879
0.199412	0.99525	1	0.991138
0.2	0.996393	1	0.953046
0.200588	0.999183	1	0.87383
0.201176	1.00043	1	0.755618
0.201765	1.00508	1	0.605555
0.202353	1.0063	1	0.427692
0.202941	1.009	1	0.23259
0.203529	1.00996	1	0.0258788
0.204118	1.00796	1	-0.180701
0.204706	1.0086	1	-0.38048
0.205294	1.0046	1	-0.562976
0.205882	1.00279	1	-0.721273
0.206471	0.999469	1	-0.848234
0.207059	0.996337	1	-0.937716
0.207647	0.99568	1	-0.987208
0.208235	0.993531	1	-0.992487
0.208824	0.995013	1	-0.955887
0.209412	0.999311	1	-0.876154
0.21	1.00091	1	-0.759663
0.210588	1.00425	1	-0.608799
0.211176	1.0073	1	-0.432405
0.211765	1.00766	1	-0.236548
0.212353	1.01024	1	-0.0306201
0.212941	1.00924	1	0.176387
0.213529	1.00769	1	0.376314
0.214118	1.0062	1	0.558776
0.214706	1.00085	1	0.718129
0.215294	1.00013	1	0.844657
0.215882	0.995687	1	0.935809
0.216471	0.9955	1	0.984705
0.217059	0.99474	1	0.991786
0.217647	0.9954	1	0.954736
0.218235	0.998735	1	0.876421
0.218824	0.999327	1	0.759891
0.219412	1.00521	1	0.609667
0.22	1.00676	1	0.433748
0.220588	1.00951	1	0.237608
0.221176	1.01046	1	0.0325551
0.221765	1.00814	1	-0.175512
0.222353	1.00823	1	-0.374468
0.222941	1.00438	1	-0.558388
0.223529	1.00191	1	-0.717064
0.224118	0.999522	1	-0.84497
0.224706	0.995673	1	-0.936065
0.225294	0.996307	1	-0.985848
0.225882	0.993728	1	-0.99362
0.226471	0.994758	1	-0.956762
0.227059	0.998394	1	-0.879747
0.227647	1.00124	1	-0.762772
0.228235	1.00385	1	-0.614075
0.228824	1.0081	1	-0.437359
0.229412	1.00748	1	-0.242475
0.23	1.0108	1	-0.03665
0.230588	1.00923	1	0.170873
0.231176	1.00739	1	0.370258
0.231765	1.00556	1	0.554565
0.232353	1.00075	1	0.713202
0.232941	0.999574	1	0.842328
0.233529	0.99648	1	0.933032
0.234118	0.995551	1	0.984482
0.234706	0.995769	1	0.991802
0.235294	0.995851	1	0.95652
0.235882	0.99922	1	0.879322
0.236471	1.00008	1	0.763333
0.237059	1.00476	1	0.614931
0.237647	1.0064	1	0.438335
0.238235	1.00842	1	0.244194
0.238824	1.01018	1	0.0376669
0.239412	1.0076	1	-0.168935
0.24	1.00864	1	-0.369519
0.240588	1.00545	1	-0.553134
0.241176	1.00259	1	-0.712995
0.241765	1.00005	1	-0.842028
0.242353	0.99587	1	-0.933561
0.242941	0.995881	1	-0.985675
0.243529	0.99412	1	-0.993229
0.244118	0.995828	1	-0.959222
0.244706	0.998989	1	-0.881739
0.245294	1.00152	1	-0.767226
0.245882	1.00383	1	-0.618312
0.246471	1.00752	1	-0.442871
0.247059	1.00708	1	-0.248339
0.247647	1.00988	1	-0.0422241
0.248235	1.00937	1.00002	0.16442
0.248824	1.00733	1.00012	0.365463
0.249412	1.00573	1.0004	0.548615
0.25	0.998962	1	0.708811
0.250588	0.995852	0.997074	0.835892
0.251176	0.991235	0.993488	0.927189
0.251765	0.987769	0.990094	0.977294
0.252353	0.984859	0.986786	0.984342
0.252941	0.979774	0.983505	0.949269
0.253529	0.978152	0.980238	0.871878
0.254118	0.973793	0.976982	0.758561
0.254706	0.971237	0.973737	0.611358
0.255294	0.968665	0.970503	0.440003
0.255882	0.964018	0.96728	0.249424
0.256471	0.962824	0.964068	0.0499688
0.257059	0.957477	0.960866	-0.150566
0.257647	0.9561	0.957675	-0.343607
0.258235	0.951981	0.954494	-0.519597
0.258824	0.948596	0.951324	-0.673077
0.259412	0.946053	0.948165	-0.794856
0.26	0.941042	0.945016	-0.882731
0.260588	0.939878	0.941877	-0.930389
0.261176	0.936012	0.938749	-0.938214
0.261765	0.933332	0.935631	-0.904752
0.262353	0.929879	0.932524	-0.832128
0.262941	0.927427	0.929427	-0.724385
0.263529	0.9225	0.92634	-0.584906
0.264118	0.921238	0.923263	-0.422193
0.264706	0.917483	0.920197	-0.240886
0.265294	0.914782	0.917141	-0.0515928
0.265882	0.912491	0.914095	0.139643
0.266471	0.907877	0.911059	0.322907
0.267059	0.90674	0.908033	0.490993
0.267647	0.901759	0.905017	0.636933
0.268235	0.900214	0.902012	0.753379
0.268824	0.89657	0.899016	0.837335
0.269412	0.893089	0.89603	0.883045
0.27	0.891049	0.893054	0.891202
0.270588	0.886149	0.890088	0.859518
0.271176	0.885256	0.887132	0.791264
0.271765	0.881772	0.884186	0.688806
0.272353	0.879064	0.881249	0.556782
0.272941	0.876773	0.878323	0.402049
0.273529	0.872272	0.875406	0.22985
0.274118	0.871028	0.872498	0.0498962
0.274706	0.866493	0.8696	-0.132183
0.275294	0.864658	0.866712	-0.306396
0.275882	0.861398	0.863834	-0.466778
0.276471	0.857869	0.860965	-0.605606
0.277059	0.856226	0.858105	-0.716984
0.277647	0.851616	0.855256	-0.797076
0.278235	0.850698	0.852415	-0.841095
0.278824	0.847326	0.849584	-0.84932
0.279412	0.844491	0.846762	-0.81954
0.28	0.840955	0.84395	-0.755207
0.280588	0.839239	0.841147	-0.657926
0.281176	0.834721	0.838354	-0.532875
0.281765	0.833699	0.835569	-0.38575
0.282353	0.830562	0.832794	-0.222251
0.282941	0.827768	0.830028	-0.0510739
0.283529	0.825776	0.827272	0.122144
0.284118	0.821291	0.824524	0.287912
0.284706	0.820317	0.821786	0.440782
0.285294	0.816051	0.819057	0.572978
0.285882	0.814276	0.816336	0.67941
0.286471	0.811374	0.813625	0.755861
0.287059	0.807817	0.810923	0.79825
0.287647	0.806401	0.80823	0.806461
0.288235	0.802196	0.805545	0.778571
0.288824	0.801093	0.80287	0.717817
0.289412	0.798097	0.800204	0.625582
0.29	0.795323	0.797546	0.50702
0.290588	0.793364	0.794897	0.367222
0.291176	0.788973	0.792257	0.21193
0.291765	0.788025	0.789626	0.0491147
0.292353	0.784049	0.787004	-0.11564
0.292941	0.782204	0.78439	-0.273441
0.293529	0.779609	0.781785	-0.419054
0.294118	0.776041	0.779188	-0.545041
0.294706	0.774863	0.7766	-0.64664
0.295294	0.770893	0.774021	-0.719698
0.295882	0.769732	0.771451	-0.760459
0.296471	0.766847	0.768888	-0.768651
0.297059	0.764289	0.766335	-0.742562
0.297647	0.760744	0.76379	-0.685134
0.298235	0.75944	0.761253	-0.597765
0.298824	0.755553	0.758725	-0.485264
0.299412	0.754298	0.756205	-0.352519
0.3	0.751662	0.753693	-0.204952
0.300588	0.748801	0.75119	-0.0501316
0.301176	0.747241	0.748695	0.106578
0.301765	0.74284	0.746209	0.256824
0.302353	0.742246	0.743731	0.395463
0.302941	0.738665	0.741261	0.515611
0.303529	0.736725	0.738799	0.612513
0.304118	0.734325	0.736345	0.682398
0.304706	0.730792	0.733899	0.72154
0.305294	0.72968	0.731462	0.729715
0.305882	0.726049	0.729033	0.705333
0.306471	0.724731	0.726611	0.651006
0.307059	0.722253	0.724198	0.568316
0.307647	0.719407	0.721793	0.461494
0.308235	0.717934	0.719396	0.335514
0.308824	0.713614	0.717007	0.195244
0.309412	0.713075	0.714625	0.0480444
0.31	0.709718	0.712252	-0.100997
0.310588	0.707741	0.709886	-0.24409
0.311176	0.705549	0.707529	-0.376028
0.311765	0.702036	0.705179	-0.490671
0.312353	0.701085	0.702837	-0.583033
0.312941	0.697676	0.700503	-0.649917
0.313529	0.696308	0.698176	-0.687491
0.314118	0.693976	0.695857	-0.695609
0.314706	0.691811	0.693546	-0.672876
0.315294	0.688305	0.691243	-0.621421
0.315882	0.687247	0.688947	-0.543225
0.316471	0.68377	0.686659	-0.441746
0.317059	0.682374	0.684379	-0.322211
0.317647	0.680109	0.682106	-0.188884
0.318235	0.677222	0.67984	-0.0488921
0.318824	0.676077	0.677582	0.0927941
0.319412	0.672294	0.675332	0.229147
0.32	0.671601	0.673089	0.354642
0.320588	0.668722	0.670854	0.464074
0.321176	0.666642	0.668626	0.552099
0.321765	0.664691	0.666405	0.616082
0.322353	0.661221	0.664192	0.65221
0.322941	0.660287	0.661986	0.660174
0.323529	0.657024	0.659787	0.639075
0.324118	0.655583	0.657596	0.590275
0.324706	0.653473	0.655412	0.516365
0.325294	0.650603	0.653235	0.419975
0.325882	0.649562	0.651066	0.306503
0.326471	0.645991	0.648904	0.179867
0.327059	0.645229	0.646748	0.0466258
0.327647	0.642534	0.6446	-0.0879682
0.328235	0.640438	0.64246	-0.217962
0.328824	0.638642	0.640326	-0.337309
0.329412	0.63521	0.638199	-0.441726
0.33	0.634388	0.63608	-0.525705
0.330588	0.631317	0.633967	-0.586785
0.331176	0.62984	0.631862	-0.621648
0.331765	0.627869	0.629763	-0.629346
0.332353	0.626219	0.627672	-0.609832
0.332941	0.622696	0.625587	-0.563555
0.333529	0.622081	0.623509	-0.493626
0.334118	0.618998	0.621439	-0.402196
0.334706	0.617526	0.619375	-0.294323
0.335294	0.615422	0.617318	-0.174191
0.335882	0.61262	0.615267	-0.0472683
0.336471	0.611561	0.613224	0.0805514
0.337059	0.608366	0.611187	0.204439
0.337647	0.607424	0.609157	0.318059
0.338235	0.605215	0.607134	0.417519
0.338824	0.602979	0.605118	0.497824
0.339412	0.60166	0.603108	0.555977
0.34	0.598176	0.601105	0.589703
0.340588	0.597679	0.599109	0.597144
0.341176	0.594798	0.597119	0.579016
0.341765	0.593293	0.595136	0.535309
0.342353	0.59133	0.593159	0.468936
0.342941	0.588555	0.591189	0.382418
0.343529	0.587574	0.589226	0.279725
0.344118	0.584538	0.587269	0.165817
0.344706	0.583552	0.585319	0.0449761
0.345294	0.581482	0.583375	-0.0765696
0.345882	0.579246	0.581437	-0.194406
0.346471	0.578055	0.579506	-0.302814
0.347059	0.574613	0.577581	-0.397352
0.347647	0.57423	0.575663	-0.474243
0.348235	0.571547	0.573751	-0.529626
0.348824	0.570011	0.571846	-0.562099
0.349412	0.568186	0.569947	-0.569523
0.35	0.566438	0.568054	-0.552417
0.350588	0.563216	0.566167	-0.511383
0.351176	0.562736	0.564287	-0.448227
0.351765	0.560396	0.562413	-0.366386
0.352353	0.558726	0.560545	-0.268736
0.352941	0.55719	0.558683	-0.160497
0.353529	0.554367	0.556828	-0.0457422
0.354118	0.553596	0.554978	0.0701277
0.354706	0.550646	0.553135	0.182001
0.355294	0.54964	0.551298	0.285511
0.355882	0.547562	0.549467	0.375454
0.356471	0.54537	0.547642	0.448851
0.357059	0.544211	0.545823	0.50191
0.357647	0.541139	0.544011	0.53285
0.358235	0.540603	0.542204	0.540497
0.358824	0.538413	0.540403	0.524242
0.359412	0.53672	0.538608	0.485672
0.36	0.535339	0.53682	0.425795
0.360588	0.532528	0.535037	0.348056
0.361176	0.531898	0.53326	0.255561
0.361765	0.529149	0.531489	0.152419
0.362353	0.528099	0.529724	0.0435993
0.362941	0.526149	0.527964	-0.0668242
0.363529	0.523975	0.526211	-0.173244
0.364118	0.522874	0.524463	-0.271733
0.364706	0.519929	0.522721	-0.357685
0.365294	0.51935	0.520985	-0.427418
0.365882	0.517279	0.519255	-0.478423
0.366471	0.515576	0.51753	-0.507918
0.367059	0.514321	0.515812	-0.515531
0.367647	0.512773	0.514099	-0.50044
0.368235	0.509808	0.512391	-0.463783
0.368824	0.509233	0.510689	-0.407362
0.369412	0.507044	0.508993	-0.333324
0.37	0.505381	0.507303	-0.245694
0.370588	0.504012	0.505618	-0.147634
0.371176	0.501259	0.503939	-0.044063
0.371765	0.500737	0.502265	0.0607417
0.372353	0.498438	0.500597	0.162341
0.372941	0.49722	0.498934	0.255856
0.373529	0.495711	0.497277	0.337967
0.374118	0.49344	0.495626	0.40447
0.374706	0.492662	0.49398	0.453093
0.375294	0.489923	0.492339	0.481663
0.375882	0.489281	0.490704	0.48886
0.376471	0.48725	0.489074	0.475046
0.377059	0.48558	0.48745	0.440264
0.377647	0.48429	0.485831	0.386824
0.378235	0.48159	0.484218	0.316749
0.378824	0.48108	0.482609	0.233269
0.379412	0.478866	0.481007	0.140406
0.38	0.477639	0.479409	0.0416789
0.380588	0.476222	0.477817	-0.0578893
0.381176	0.473967	0.47623	-0.154551
0.381765	0.473298	0.474648	-0.243808
0.382353	0.470785	0.473072	-0.321771
0.382941	0.470072	0.471501	-0.38553
0.383529	0.468226	0.469935	-0.431775
0.384118	0.466537	0.468374	-0.459273
0.384706	0.465365	0.466819	-0.46646
0.385294	0.463823	0.465268	-0.453332
0.385882	0.461361	0.463723	-0.420792
0.386471	0.460588	0.462183	-0.369881
0.387059	0.45891	0.460648	-0.303588
0.387647	0.457134	0.459118	-0.2243
0.388235	0.456208	0.457593	-0.135912
0.388824	0.453553	0.456073	-0.0423195
0.389412	0.453232	0.454559	0.0527118
0.39	0.45123	0.453049	0.144459
0.390588	0.449967	0.451544	0.229588
0.391176	0.448603	0.450045	0.30395
0.391765	0.446409	0.44855	0.364573
0.392353	0.445693	0.44706	0.409078
0.392941	0.44331	0.445576	0.435167
0.393529	0.442531	0.444096	0.442448
0.394118	0.440888	0.442621	0.430158
0.394706	0.439144	0.441151	0.3993
0.395294	0.438243	0.439686	0.351343
0.395882	0.435757	0.438225	0.288146
0.396471	0.435367	0.43677	0.213124
0.397059	0.43355	0.435319	0.129016
0.397647	0.432242	0.433874	0.0399858
0.398235	0.431056	0.432433	-0.0502035
0.398824	0.428853	0.430996	-0.137826
0.399412	0.428274	0.429565	-0.218604
0.4	0.42602	0.428138	-0.289669
0.400588	0.425221	0.426716	-0.347479
0.401176	0.423633	0.425299	-0.389867
0.401765	0.421922	0.423887	-0.415172
0.402353	0.421025	0.422479	-0.422016
0.402941	0.419682	0.421076	-0.410792
0.403529	0.417678	0.419677	-0.381556
0.404118	0.416761	0.418284	-0.336049
0.404706	0.415417	0.416894	-0.27633
0.405294	0.413617	0.41551	-0.204791
0.405882	0.412892	0.41413	-0.125147
0.406471	0.410531	0.412754	-0.040348
0.407059	0.410095	0.411384	0.0454671
0.407647	0.40833	0.410017	0.12868
0.408235	0.407034	0.408656	0.205901
0.408824	0.405881	0.407298	0.273341
0.409412	0.403727	0.405946	0.328694
0.41	0.403211	0.404597	0.369175
0.410588	0.401254	0.403254	0.393314
0.411176	0.400338	0.401914	0.400309
0.411765	0.399052	0.40058	0.389551
0.412353	0.397268	0.399249	0.362176
0.412941	0.396629	0.397923	0.318999
0.413529	0.394484	0.396602	0.262252
0.414118	0.393969	0.395284	0.194571
0.414706	0.392396	0.393972	0.118599
0.415294	0.391063	0.392663	0.0382295
0.415882	0.390049	0.391359	-0.0435112
0.416471	0.387907	0.390059	-0.122774
0.417059	0.387458	0.388764	-0.196097
0.417647	0.385548	0.387473	-0.260662
0.418235	0.384644	0.386186	-0.313208
0.418824	0.383368	0.384903	-0.352031
0.419412	0.381629	0.383625	-0.375225
0.42	0.38099	0.382351	-0.381887
0.420588	0.37975	0.381081	-0.37214
0.421176	0.378065	0.379815	-0.346024
0.421765	0.377064	0.378554	-0.305283
0.422353	0.375962	0.377297	-0.251467
0.422941	0.374168	0.376044	-0.187024
0.423529	0.373616	0.374795	-0.115113
0.424118	0.371584	0.37355	-0.0384314
0.424706	0.371029	0.372309	0.039161
0.425294	0.369542	0.371073	0.114602
0.425882	0.368207	0.36984	0.1846
0.426471	0.367282	0.368612	0.245867
0.427059	0.365168	0.367388	0.296271
0.427647	0.364823	0.366168	0.333205
0.428235	0.363173	0.364952	0.355464
0.428824	0.36218	0.36374	0.362159
0.429412	0.361134	0.362531	0.352821
0.43	0.359357	0.361327	0.328432
0.430588	0.358892	0.360127	0.289681
0.431176	0.357064	0.358931	0.238641
0.431765	0.356438	0.357739	0.177616
0.432353	0.35513	0.356551	0.109032
0.432941	0.353763	0.355367	0.0363918
0.433529	0.352963	0.354187	-0.0375746
0.434118	0.350867	0.35301	-0.109377
0.434706	0.350576	0.351838	-0.175873
0.435294	0.348956	0.35067	-0.234521
0.435882	0.347986	0.349505	-0.282352
0.436471	0.346932	0.348344	-0.317793
0.437059	0.34521	0.347187	-0.339158
0.437647	0.344728	0.346034	-0.345539
0.438235	0.343567	0.344885	-0.337098
0.438824	0.342129	0.343739	-0.313832
0.439412	0.341074	0.342598	-0.277257
0.44	0.340187	0.34146	-0.228877
0.440588	0.338404	0.340326	-0.170749
0.441176	0.33804	0.339196	-0.10584
0.441765	0.336357	0.338069	-0.0365516
0.442353	0.335683	0.336946	0.0337063
0.442941	0.334484	0.335827	0.101987
0.443529	0.333114	0.334712	0.165514
0.444118	0.3324	0.3336	0.221155
0.444706	0.330424	0.332492	0.266996
0.445294	0.33012	0.331388	0.300793
0.445882	0.32868	0.330288	0.3212
0.446471	0.327659	0.329191	0.327661
0.447059	0.326763	0.328097	0.319563
0.447647	0.325031	0.327008	0.297782
0.448235	0.324675	0.325922	0.26311
0.448824	0.323139	0.324839	0.217102
0.449412	0.322412	0.32376	0.16214
0.45	0.321375	0.322685	0.100236
0.450588	0.31997	0.321613	0.0345104
0.451176	0.319408	0.320545	-0.0323126
0.451765	0.317585	0.319481	-0.097448
0.452353	0.317236	0.31842	-0.157711
0.452941	0.31588	0.317362	-0.21095
0.453529	0.314865	0.316308	-0.254576
0.454118	0.313986	0.315258	-0.286819
0.454706	0.312307	0.314211	-0.306571
0.455294	0.311918	0.313167	-0.312651
0.455882	0.310887	0.312127	-0.305296
0.456471	0.309592	0.31109	-0.284681
0.457059	0.308542	0.310057	-0.251745
0.457647	0.307756	0.309027	-0.208306
0.458235	0.306037	0.308001	-0.155901
0.458824	0.30576	0.306978	-0.0972213
0.459412	0.304377	0.305959	-0.0347364
0.46	0.303601	0.304942	0.0289703
0.460588	0.302692	0.30393	0.090749
0.461176	0.301275	0.30292	0.148337
0.461765	0.300819	0.301914	0.198991
0.462353	0.299176	0.300911	0.240553
0.462941	0.298754	0.299912	0.271542
0.463529	0.297548	0.298916	0.290272
0.464118	0.296503	0.297923	0.296373
0.464706	0.295739	0.296934	0.289514
0.465294	0.294072	0.295948	0.269947
0.465882	0.293761	0.294965	0.238957
0.466471	0.292378	0.293985	0.197566
0.467059	0.291624	0.293009	0.147911
0.467647	0.290727	0.292036	0.0921999
0.468235	0.289339	0.291066	0.0326411
0.468824	0.28892	0.290099	-0.0277516
0.469412	0.287441	0.289136	-0.0866977
0.47	0.286953	0.288175	-0.141503
0.470588	0.285913	0.287218	-0.189674
0.471176	0.284821	0.286264	-0.229507
0.471765	0.284203	0.285314	-0.258933
0.472353	0.282522	0.284366	-0.276987
0.472941	0.282312	0.283422	-0.282976
0.473529	0.281329	0.28248	-0.27645
0.474118	0.280298	0.281542	-0.258169
0.474706	0.279209	0.280607	-0.228681
0.475294	0.278582	0.279675	-0.189444
0.475882	0.276918	0.278746	-0.1424
0.476471	0.276695	0.27782	-0.0892895
0.477059	0.275419	0.276898	-0.0328313
0.477647	0.274647	0.275978	0.0246949
0.478235	0.273814	0.275062	0.080849
0.478824	0.272449	0.274148	0.132894
0.479412	0.272062	0.273238	0.178979
0.48	0.270706	0.27233	0.216863
0.480588	0.270169	0.271426	0.244983
0.481176	0.269252	0.270524	0.26241
0.481765	0.268134	0.269626	0.268086
0.482353	0.267638	0.26873	0.262169
0.482941	0.26611	0.267838	0.244876
0.483529	0.265861	0.266948	0.216884
0.484118	0.264722	0.266062	0.179823
0.484706	0.26392	0.265178	0.135005
0.485294	0.263166	0.264297	0.0846275
0.485882	0.261817	0.26342	0.030988
0.486471	0.261447	0.262545	-0.0238551
0.487059	0.260087	0.261673	-0.0771365
0.487647	0.259577	0.260804	-0.126803
0.488235	0.258635	0.259937	-0.170712
0.488824	0.257564	0.259074	-0.206749
0.489412	0.257045	0.258214	-0.233766
0.49	0.255609	0.257356	-0.250348
0.490588	0.255319	0.256501	-0.255919
0.491176	0.25441	0.25565	-0.250496
0.491765	0.253525	0.254801	-0.234038
0.492353	0.252434	0.253954	-0.20766
0.492941	0.251966	0.253111	-0.172445
0.493529	0.250596	0.25227	-0.129849
0.494118	0.250272	0.251432	-0.0821023
0.494706	0.249301	0.250597	-0.0309701
0.495294	0.248442	0.249765	0.0211192
0.495882	0.247854	0.248936	0.0718139
0.496471	0.246474	0.248109	0.119215
0.497059	0.246253	0.247285	0.160929
0.497647	0.24506	0.246464	0.1954
0.498235	0.244499	0.245645	0.22121
0.498824	0.243664	0.244829	0.237029
0.499412	0.242595	0.244016	0.242588
0.5	0.242122	0.243206	0.237465
0.500588	0.24074	0.242398	0.221961
0.501176	0.24044	0.241593	0.197056
0.501765	0.239449	0.24079	0.163544
0.502353	0.238627	0.239991	0.123212
0.502941	0.238029	0.239194	0.0778155
0.503529	0.23669	0.238399	0.0291561
0.504118	0.236481	0.237608	-0.0202851
0.504706	0.235417	0.236818	-0.0686368
0.505294	0.234806	0.236032	-0.113733
0.505882	0.23411	0.235248	-0.153448
0.506471	0.233002	0.234467	-0.186423
0.507059	0.23266	0.233688	-0.210975
0.507647	0.231405	0.232912	-0.226182
0.508235	0.231065	0.232138	-0.231609
0.508824	0.229532	0.231367	-0.226761
0.509412	0.228882	0.230599	-0.212219
0.51	0.227782	0.229833	-0.188576
0.510588	0.227457	0.22907	-0.15677
0.511176	0.226271	0.228309	-0.11856
0.511765	0.225893	0.227551	-0.0753463
0.512353	0.225037	0.226795	-0.0291544
0.512941	0.224191	0.226042	0.0178446
0.513529	0.223663	0.225291	0.0639163
0.514118	0.222522	0.224543	0.106761
0.514706	0.222153	0.223797	0.144653
0.515294	0.221111	0.223054	0.176118
0.515882	0.220515	0.222313	0.199519
0.516471	0.219829	0.221575	0.214194
0.517059	0.218937	0.220839	0.219453
0.517647	0.218427	0.220105	0.214987
0.518235	0.217555	0.219374	0.201369
0.518824	0.216909	0.218646	0.178957
0.519412	0.21618	0.21792	0.14889
0.52	0.215276	0.217196	0.112675
0.520588	0.214865	0.216474	0.0716184
0.521176	0.21387	0.215756	0.027825
0.521765	0.213447	0.215039	-0.0168719
0.522353	0.212548	0.214325	-0.0606814
0.522941	0.2119	0.213613	-0.101391
0.523529	0.211297	0.212904	-0.137526
0.524118	0.210226	0.212196	-0.167472
0.524706	0.20993	0.211492	-0.189794
0.525294	0.20894	0.210789	-0.203885
0.525882	0.208436	0.210089	-0.208927
0.526471	0.207645	0.209391	-0.204806
0.527059	0.207113	0.208696	-0.191958
0.527647	0.206164	0.208003	-0.170685
0.528235	0.205781	0.207312	-0.142208
0.528824	0.204734	0.206624	-0.107796
0.529412	0.204321	0.205937	-0.0687699
0.53	0.203579	0.205253	-0.0271724
0.530588	0.202889	0.204572	0.0153865
0.531176	0.202303	0.203892	0.0570666
0.531765	0.201402	0.203215	0.095821
0.532353	0.200911	0.20254	0.130294
0.532941	0.200052	0.201868	0.15883
0.533529	0.199533	0.201197	0.180169
0.534118	0.198879	0.200529	0.193694
0.534706	0.198102	0.199863	0.198568
0.535294	0.197599	0.199199	0.194784
0.535882	0.196904	0.198538	0.182663
0.536471	0.19621	0.197878	0.162507
0.537059	0.195628	0.197221	0.135528
0.537647	0.194714	0.196566	0.102845
0.538235	0.194403	0.195913	0.0657704
0.538824	0.193558	0.195263	0.0262444
0.539412	0.193087	0.194614	-0.0142525
0.54	0.192336	0.193968	-0.053905
0.540588	0.191653	0.193323	-0.0908034
0.541176	0.191148	0.192681	-0.123664
0.541765	0.190219	0.192041	-0.150867
0.542353	0.189881	0.191404	-0.171256
0.542941	0.189095	0.190768	-0.18422
0.543529	0.188503	0.190134	-0.188947
0.544118	0.187868	0.189503	-0.185452
0.544706	0.18737	0.188874	-0.174018
0.545294	0.186539	0.188246	-0.154928
0.545882	0.186144	0.187621	-0.129342
0.546471	0.185264	0.186998	-0.0983117
0.547059	0.184846	0.186377	-0.0630841
0.547647	0.184197	0.185758	-0.0255078
0.548235	0.183588	0.185141	0.0130102
0.548824	0.183019	0.184526	0.0507548
0.549412	0.182219	0.183913	0.0858911
0.55	0.181775	0.183302	0.117203
0.550588	0.181004	0.182694	0.143163
0.551176	0.180563	0.182087	0.162635
0.551765	0.179913	0.181482	0.175061
0.552353	0.179246	0.180879	0.179668
0.552941	0.178725	0.180279	0.176427
0.553529	0.178187	0.17968	0.165655
0.554118	0.17744	0.179083	0.14759
0.554706	0.177022	0.178488	0.12331
0.555294	0.176236	0.177896	0.0938737
0.555882	0.175839	0.177305	0.0604036
0.556471	0.175221	0.176716	0.0246707
0.557059	0.174632	0.176129	-0.0119369
0.557647	0.174099	0.175544	-0.0478738
0.558235	0.173321	0.174961	-0.0813319
0.558824	0.172939	0.17438	-0.111142
0.559412	0.172195	0.173801	-0.135932
0.56	0.171777	0.173224	-0.154515
0.560588	0.171142	0.172648	-0.166406
0.561176	0.170511	0.172075	-0.170913
0.561765	0.169994	0.171503	-0.167888
0.562353	0.169448	0.170934	-0.157732
0.562941	0.168756	0.170366	-0.140654
0.563529	0.168329	0.1698	-0.117584
0.564118	0.167634	0.169236	-0.0896631
0.564706	0.167239	0.168674	-0.0578727
0.565294	0.166667	0.168114	-0.023861
0.565882	0.166087	0.167556	0.0109172
0.566471	0.165596	0.166999	0.0451333
0.567059	0.164839	0.166445	0.0770235
0.567647	0.164529	0.165892	0.105381
0.568235	0.163811	0.165341	0.129066
0.568824	0.163427	0.164792	0.146826
0.569412	0.162789	0.164245	0.158177
0.57	0.162226	0.163699	0.162608
0.570588	0.161674	0.163155	0.159799
0.571176	0.161194	0.162614	0.150197
0.571765	0.160469	0.162073	0.134092
0.572353	0.160116	0.161535	0.112168
0.572941	0.159488	0.160999	0.0856646
0.573529	0.158992	0.160464	0.0555159
0.574118	0.158573	0.159931	0.0231225
0.574706	0.157875	0.1594	-0.00992388
0.575294	0.157563	0.15887	-0.0424544
0.575882	0.156813	0.158343	-0.072886
0.576471	0.156459	0.157817	-0.0998487
0.577059	0.15594	0.157293	-0.122438
0.577647	0.155367	0.15677	-0.139458
0.578235	0.154971	0.15625	-0.150258
0.578824	0.154224	0.155731	-0.154587
0.579412	0.153907	0.155214	-0.152029
0.58	0.153249	0.154698	-0.142897
0.580588	0.152753	0.154184	-0.12771
0.581176	0.152326	0.153672	-0.106918
0.581765	0.151572	0.153162	-0.0816907
0.582353	0.151324	0.152653	-0.0531268
0.582941	0.15068	0.152146	-0.0222976
0.583529	0.150239	0.151641	0.00917736
0.584118	0.149753	0.151137	0.0400518
0.584706	0.149074	0.150635	0.0690958
0.585294	0.148832	0.150135	0.0947994
0.585882	0.148207	0.149636	0.116271
0.586471	0.147827	0.149139	0.132616
0.587059	0.147291	0.148644	0.142941
0.587647	0.14674	0.14815	0.147086
0.588235	0.146286	0.147658	0.144829
0.588824	0.145973	0.147168	0.136161
0.589412	0.145193	0.146679	0.121764
0.59	0.144958	0.146192	0.102139
0.590588	0.144359	0.145707	0.0781075
0.591176	0.143868	0.145223	0.0509869
0.591765	0.143484	0.14474	0.0217558
0.592353	0.142817	0.14426	-0.0082792
0.592941	0.142528	0.143781	-0.0376099
0.593529	0.141868	0.143303	-0.0652183
0.594118	0.141494	0.142827	-0.0898116
0.594706	0.141067	0.142353	-0.110209
0.595294	0.140441	0.14188	-0.125809
0.595882	0.140186	0.141409	-0.135792
0.596471	0.139484	0.140939	-0.139706
0.597059	0.139228	0.140471	-0.137658
0.597647	0.138746	0.140005	-0.129555
0.598235	0.138193	0.13954	-0.115813
0.598824	0.137924	0.139076	-0.0972603
0.599412	0.137215	0.138614	-0.0744881
0.6	0.137021	0.138154	-0.0486094
0.600588	0.136421	0.137695	-0.0209086
0.601176	0.136035	0.137238	0.00765139
0.601765	0.135636	0.136782	0.0356667
0.602353	0.134969	0.136328	0.0618486
0.602941	0.134768	0.135875	0.085311
0.603529	0.13404	0.135424	0.104849
0.604118	0.13382	0.134974	0.11963
0.604706	0.133297	0.134526	0.129256
0.605294	0.132794	0.134079	0.133107
0.605882	0.132224	0.133633	0.131111
0.606471	0.132033	0.13319	0.123563
0.607059	0.131378	0.132747	0.110579
0.607647	0.13111	0.132306	0.0928738
0.608235	0.130669	0.131867	0.0713688
0.608824	0.130116	0.131429	0.0467762
0.609412	0.129885	0.130993	0.0203476
0.61	0.129175	0.130558	-0.00668911
0.610588	0.129026	0.130124	-0.0333891
0.611176	0.128515	0.129692	-0.0583946
0.611765	0.128094	0.129261	-0.0806169
0.612353	0.127777	0.128832	-0.0993196
0.612941	0.127088	0.128404	-0.113488
0.613529	0.126961	0.127977	-0.122575
0.614118	0.126327	0.127552	-0.1264
0.614706	0.126068	0.127129	-0.124591
0.615294	0.125621	0.126707	-0.11735
0.615882	0.125101	0.126286	-0.105174
0.616471	0.12484	0.125866	-0.0883779
0.617059	0.124097	0.125448	-0.0678503
0.617647	0.123985	0.125032	-0.0446147
0.618235	0.123436	0.124616	-0.019458
0.618824	0.123058	0.124203	0.00635399
0.619412	0.122705	0.12379	0.0316265
0.62	0.122063	0.123379	0.0554963
0.620588	0.121905	0.122969	0.0767487
0.621176	0.121313	0.122561	0.0944467
0.621765	0.121038	0.122154	0.108062
0.622353	0.120645	0.121748	0.116824
0.622941	0.120105	0.121344	0.120388
0.623529	0.119619	0.120941	0.118835
0.624118	0.119527	0.120539	0.112045
0.624706	0.118999	0.120139	0.100386
0.625294	0.118687	0.11974	0.0845773
0.625882	0.118344	0.119342	0.0651046
0.626471	0.117781	0.118946	0.0429055
0.627059	0.117617	0.118551	0.0191227
0.627647	0.11699	0.118157	-0.00543419
0.628235	0.11682	0.117764	-0.0296002
0.628824	0.116366	0.117373	-0.0521887
0.629412	0.115953	0.116983	-0.0724649
0.63	0.115671	0.116595	-0.0894494
0.630588	0.115019	0.116208	-0.102307
0.631176	0.114907	0.115822	-0.110743
0.631765	0.114341	0.115437	-0.114288
0.632353	0.114074	0.115054	-0.112723
0.632941	0.113684	0.114672	-0.106382
0.633529	0.113176	0.114291	-0.0954283
0.634118	0.112962	0.113911	-0.0802864
0.634706	0.112335	0.113533	-0.0618733
0.635294	0.112175	0.113156	-0.0408559
0.635882	0.111731	0.11278	-0.0180959
0.636471	0.111327	0.112405	0.00517767
0.637059	0.111063	0.112032	0.0281135
0.637647	0.110418	0.11166	0.0497743
0.638235	0.110334	0.111289	0.0690028
0.638824	0.109859	0.11092	0.0851493
0.639412	0.109544	0.110551	0.0975814
0.64	0.109245	0.110184	0.105562
0.640588	0.108694	0.109818	0.10895
0.641176	0.108233	0.109453	0.10767
0.641765	0.108187	0.10909	0.101591
0.642353	0.107746	0.108728	0.0911866
0.642941	0.107412	0.108366	0.0769779
0.643529	0.107138	0.108007	0.0593919
0.644118	0.106578	0.107648	0.0393932
0.644706	0.106467	0.10729	0.0179066
0.645294	0.105938	0.106934	-0.00433883
0.645882	0.105733	0.106579	-0.0261946
0.646471	0.105361	0.106225	-0.0466719
0.647059	0.104937	0.105872	-0.0651048
0.647647	0.10472	0.10552	-0.0805325
0.648235	0.104085	0.10517	-0.0922586
0.648824	0.104016	0.104821	-0.100014
0.649412	0.103539	0.104473	-0.103321
0.65	0.103251	0.104126	-0.102013
0.650588	0.102931	0.10378	-0.0963943
0.651176	0.102426	0.103435	-0.086579
0.651765	0.102263	0.103092	-0.0729593
0.652353	0.101721	0.102749	-0.0563733
0.652941	0.101537	0.102408	-0.037411
0.653529	0.101158	0.102068	-0.0168389
0.654118	0.100755	0.101729	0.00421522
0.654706	0.100538	0.101391	0.0249719
0.655294	0.0999686	0.101054	0.0446185
0.655882	0.0998617	0.100719	0.0620843
0.656471	0.0994552	0.100384	0.076749
0.657059	0.0991306	0.100051	0.0880979
0.657647	0.0988844	0.0997185	0.0954356
0.658235	0.0983457	0.0993873	0.0985771
0.658824	0.0979499	0.0990572	0.0975356
0.659412	0.0978991	0.0987282	0.0921623
0.66	0.0975058	0.0984003	0.0828065
0.660588	0.0971766	0.0980735	0.0700421
0.661176	0.0969409	0.0977478	0.0542293
0.661765	0.0964014	0.0974232	0.0361389
0.662353	0.0963208	0.0970996	0.0167322
0.662941	0.0958924	0.0967771	-0.00334791
0.663529	0.0956464	0.0964557	-0.0231882
0.664118	0.0953674	0.0961354	-0.0417499
0.664706	0.0949184	0.0958161	-0.0584324
0.665294	0.0947858	0.0954979	-0.0725175
0.665882	0.0942846	0.0951807	-0.0832163
0.666471	0.0941485	0.0948646	-0.0902673
0.667059	0.0937883	0.0945495	-0.0934161
0.667647	0.0934563	0.0942355	-0.092345
0.668235	0.093235	0.0939226	-0.0872876
0.668824	0.0927102	0.0936106	-0.0785531
0.669412	0.0926258	0.0932997	-0.0663307
0.67	0.0921702	0.0929899	-0.0513056
0.670588	0.0919621	0.092681	-0.0342481
0.671176	0.091645	0.0923732	-0.0156959
0.671765	0.091245	0.0920664	0.00343832
0.672353	0.0910657	0.0917607	0.022186
0.672941	0.0905408	0.0914559	0.0399471
0.673529	0.0904338	0.0911522	0.0559
0.674118	0.090052	0.0908494	0.0691993
0.674706	0.0897507	0.0905477	0.0794832
0.675294	0.0895114	0.090247	0.0863137
0.675882	0.0890178	0.0899473	0.0892272
0.676471	0.0887145	0.0896485	0.0882988
0.677059	0.0887083	0.0893508	0.0836312
0.677647	0.0883466	0.089054	0.0752451
0.678235	0.0880384	0.0887583	0.0636721
0.678824	0.0878099	0.0884635	0.0495215
0.679412	0.0873182	0.0881697	0.0332117
0.68	0.0872222	0.0878769	0.0155652
0.680588	0.086798	0.087585	-0.00251144
0.681176	0.0865848	0.0872941	-0.020438
0.681765	0.0862978	0.0870042	-0.0373885
0.682353	0.0858989	0.0867152	-0.0524632
0.682941	0.0857484	0.0864272	-0.0652082
0.683529	0.0852966	0.0861402	-0.075094
0.684118	0.0851508	0.0858541	-0.0815126
0.684706	0.0848374	0.085569	-0.0843626
0.685294	0.0845063	0.0852848	-0.0836117
0.685882	0.0843295	0.0850015	-0.0791056
0.686471	0.0838571	0.0847192	-0.0711716
0.687059	0.0837739	0.0844379	-0.0603005
0.687647	0.0834353	0.0841574	-0.0467775
0.688235	0.0831714	0.0838779	-0.0312553
0.688824	0.0829642	0.0835994	-0.0145909
0.689412	0.0825228	0.0833217	0.00266708
0.69	0.0824447	0.083045	0.0197834
0.690588	0.0820537	0.0827692	0.0358152
0.691176	0.0818775	0.0824943	0.0502136
0.691765	0.0816108	0.0822203	0.0624489
0.692353	0.0812634	0.0819472	0.0717936
0.692941	0.0811189	0.0816751	0.0779422
0.693529	0.0806499	0.0814038	0.0807929
0.694118	0.0802068	0.0811335	0.0800477
0.694706	0.0802127	0.080864	0.0757737
0.695294	0.0799401	0.0805955	0.0683674
0.695882	0.0796002	0.0803278	0.0580145
0.696471	0.0794558	0.080061	0.0451209
0.697059	0.0790323	0.0797951	0.0304716
0.697647	0.0789263	0.0795301	0.0146186
0.698235	0.0786281	0.079266	-0.00187226
0.698824	0.0783526	0.0790027	-0.0180811
0.699412	0.0781775	0.0787403	-0.0333254
0.7	0.0777353	0.0784788	-0.0471305
0.700588	0.0776813	0.0782182	-0.058746
0.701176	0.0773312	0.0779584	-0.0676204
0.701765	0.0771402	0.0776995	-0.0735911
0.702353	0.0769071	0.0774414	-0.0763234
0.702941	0.0765551	0.0771842	-0.075586
0.703529	0.076437	0.0769279	-0.0716283
0.704118	0.0760121	0.0766724	-0.0646328
0.704706	0.075922	0.0764178	-0.0547379
0.705294	0.0756107	0.076164	-0.0425423
0.705882	0.0753629	0.075911	-0.0286674
0.706471	0.0751639	0.0756589	-0.0135236
0.707059	0.0747606	0.0754076	0.00214807
0.707647	0.0746728	0.0751572	0.0175122
0.708235	0.0742888	0.0749076	0.0320857
0.708824	0.0741384	0.0746588	0.0452573
0.709412	0.073868	0.0744108	0.056268
0.71	0.0735616	0.0741637	0.0647763
0.710588	0.073404	0.0739174	0.0705358
0.711176	0.072974	0.0736719	0.0731152
0.711765	0.0725652	0.0734272	0.0724579
0.712353	0.0726281	0.0731833	0.0687885
0.712941	0.072432	0.0729403	0.0621295
0.713529	0.0720704	0.072698	0.0527265
0.714118	0.0719867	0.0724566	0.0412085
0.714706	0.0716308	0.072216	0.0280141
0.715294	0.0714998	0.0719761	0.0135801
0.715882	0.0712529	0.0717371	-0.00127871
0.716471	0.070972	0.0714988	-0.0158877
0.717059	0.0708326	0.0712614	-0.0298089
0.717647	0.0704095	0.0710247	-0.0423331
0.718235	0.0703705	0.0707888	-0.0528026
0.718824	0.0700531	0.0705537	-0.0609663
0.719412	0.0698676	0.0703194	-0.066478
0.72	0.0696547	0.0700858	-0.0689295
0.720588	0.0693247	0.0698531	-0.0683648
0.721176	0.0692151	0.0696211	-0.0649279
0.721765	0.0688274	0.0693899	-0.0585914
0.722353	0.0687351	0.0691594	-0.0496799
0.722941	0.068452	0.0689297	-0.0387744
0.723529	0.0682157	0.0687008	-0.0262178
0.724118	0.0680364	0.0684726	-0.0124851
0.724706	0.0676579	0.0682452	0.00162089
0.725294	0.0675814	0.0680186	0.0155294
0.725882	0.0672501	0.0677926	0.0288049
0.726471	0.0670879	0.0675675	0.040722
0.727059	0.0668622	0.0673431	0.0507
0.727647	0.0665569	0.0671194	0.0585149
0.728235	0.0664358	0.0668965	0.0637885
0.728824	0.0660809	0.0666743	0.0661444
0.729412	0.065668	0.0664529	0.0656543
0.73	0.0657369	0.0662322	0.0624263
0.730588	0.065577	0.0660122	0.0564227
0.731176	0.0652222	0.065793	0.0479758
0.731765	0.0651649	0.0655745	0.0376334
0.732353	0.0648693	0.0653567	0.0257056
0.732941	0.0647155	0.0651396	0.0126502
0.733529	0.0645199	0.0649233	-0.000762124
0.734118	0.0642295	0.0647077	-0.0139909
0.734706	0.0641325	0.0644928	-0.0266299
0.735294	0.0637844	0.0642786	-0.0379883
0.735882	0.0637077	0.0640651	-0.0474983
0.736471	0.063456	0.0638523	-0.0549513
0.737059	0.0632463	0.0636403	-0.0600064
0.737647	0.0630897	0.0634289	-0.0622847
0.738235	0.0627491	0.0632183	-0.0618368
0.738824	0.0626864	0.0630083	-0.0587996
0.739412	0.0623687	0.062799	-0.0531346
0.74	0.0622467	0.0625905	-0.0451131
0.740588	0.0620227	0.0623826	-0.0352831
0.741176	0.0617715	0.0621754	-0.0239737
0.741765	0.0616402	0.0619689	-0.0115651
0.742353	0.0612642	0.0617631	0.00121778
0.742941	0.061222	0.061558	0.0137933
0.743529	0.0609401	0.0613535	0.0258062
0.744118	0.0607687	0.0611498	0.0366568
0.744706	0.0605802	0.0609467	0.0457348
0.745294	0.0602813	0.0607443	0.0528167
0.745882	0.0601852	0.0605425	0.057668
0.746471	0.0598662	0.0603414	0.0599011
0.747059	0.0595032	0.060141	0.0594776
0.747647	0.0595436	0.0599413	0.0566031
0.748235	0.059366	0.0597422	0.0512888
0.748824	0.0590634	0.0595438	0.0436807
0.749412	0.0589786	0.0593461	0.0343075
0.75	0.05869	0.059149	0.0235962
0.750588	0.0585578	0.0589525	0.0118355
0.751176	0.0583626	0.0587567	-0.000368946
0.751765	0.0581043	0.0585616	-0.0123413
0.752353	0.0580015	0.0583671	-0.0237206
0.752941	0.0577015	0.0581732	-0.0340785
0.753529	0.0576072	0.05798	-0.0427822
0.754118	0.0573989	0.0577875	-0.0494943
0.754706	0.0571806	0.0575956	-0.0541101
0.755294	0.0570626	0.0574043	-0.056328
0.755882	0.0567429	0.0572136	-0.0559489
0.756471	0.0566935	0.0570236	-0.053178
0.757059	0.0564625	0.0568342	-0.0481884
0.757647	0.0562921	0.0566455	-0.0410235
0.758235	0.0561485	0.0564573	-0.0320609
0.758824	0.0558591	0.0562698	-0.0218667
0.759412	0.0558018	0.0560829	-0.010765
0.76	0.0555316	0.0558967	0.000860878
0.760588	0.055423	0.055711	0.0123262
0.761176	0.0552373	0.055526	0.0231075
0.761765	0.0550126	0.0553416	0.0329271
0.762353	0.0549104	0.0551578	0.041307
0.762941	0.0545875	0.0549746	0.047731
0.763529	0.0545516	0.054792	0.0520609
0.764118	0.0543112	0.0546101	0.0542273
0.764706	0.0538505	0.0544287	0.0539772
0.765294	0.0539273	0.0542479	0.0513067
0.765882	0.0538413	0.0540678	0.0465345
0.766471	0.0535429	0.0538882	0.039834
0.767059	0.053488	0.0537092	0.0313438
0.767647	0.0532709	0.0535308	0.0215618
0.768235	0.0531041	0.0533531	0.0110399
0.768824	0.0529675	0.0531759	7.57307e-05
0.769412	0.0526902	0.0529993	-0.0109013
0.77	0.0526331	0.0528232	-0.0212286
0.770588	0.0523603	0.0526478	-0.0304846
0.771176	0.0522685	0.0524729	-0.0384492
0.771765	0.0520749	0.0522987	-0.0446926
0.772353	0.0518742	0.052125	-0.0488151
0.772941	0.051759	0.0519519	-0.0507969
0.773529	0.051451	0.0517793	-0.0506499
0.774118	0.0514132	0.0516074	-0.0482177
0.774706	0.0511673	0.051436	-0.0436036
0.775294	0.0510381	0.0512651	-0.0372062
0.775882	0.0508702	0.0510949	-0.0292658
0.776471	0.0506343	0.0509252	-0.0199731
0.777059	0.0505436	0.050756	-0.00985037
0.777647	0.0502588	0.0505875	0.000530714
0.778235	0.0501882	0.0504195	0.0108704
0.778824	0.0499814	0.050252	0.0207911
0.779412	0.0498045	0.0500851	0.0296859
0.78	0.0496749	0.0499188	0.0371641
0.780588	0.0493931	0.049753	0.0430913
0.781176	0.0493399	0.0495877	0.0471698
0.781765	0.04911	0.0494231	0.04907
0.782353	0.0487757	0.0492589	0.0488278
0.782941	0.0488868	0.0490953	0.0465986
0.783529	0.0487961	0.0489323	0.0423467
0.784118	0.0485048	0.0487698	0.0361863
0.784706	0.0484668	0.0486078	0.0285706
0.785294	0.0482498	0.0484463	0.0198707
0.785882	0.0481102	0.0482854	0.010291
0.786471	0.0479666	0.0481251	0.000278865
0.787059	0.0477266	0.0479653	-0.00955367
0.787647	0.0476555	0.0478059	-0.0188562
0.788235	0.0473956	0.0476472	-0.0273788
0.788824	0.0473174	0.0474889	-0.0346361
0.789412	0.0471305	0.0473312	-0.0402041
0.79	0.0469527	0.047174	-0.0440042
0.790588	0.046838	0.0470173	-0.0459572
0.791176	0.0465619	0.0468612	-0.0458177
0.791765	0.0465187	0.0467056	-0.0435781
0.792353	0.0463024	0.0465504	-0.0395297
0.792941	0.0461731	0.0463958	-0.0338407
0.793529	0.0460287	0.0462418	-0.026595
0.794118	0.0458018	0.0460882	-0.0181826
0.794706	0.0457284	0.0459351	-0.00913503
0.795294	0.0454956	0.0457825	0.000253402
0.795882	0.0454022	0.0456305	0.00970448
0.796471	0.0452406	0.0454789	0.0186715
0.797059	0.0450505	0.0453279	0.0266674
0.797647	0.0449594	0.0451774	0.0335093
0.798235	0.0447175	0.0450273	0.038971
0.798824	0.0446524	0.0448778	0.0426515
0.799412	0.0444808	0.0447287	0.0443773
0.8	0.0441602	0.0445802	0.0442641
0.800588	0.0442608	0.0444321	0.0423163
0.801176	0.0442094	0.0442846	0.038456
0.801765	0.0439752	0.0441375	0.0329127
0.802353	0.0439064	0.0439909	0.0261035
0.802941	0.0437396	0.0438448	0.0182514
0.803529	0.0435787	0.0436992	0.00955633
0.804118	0.0434784	0.043554	0.000512109
0.804706	0.0432267	0.0434094	-0.00835777
0.805294	0.0431922	0.0432652	-0.016802
0.805882	0.0429795	0.0431215	-0.0245595
0.806471	0.0428816	0.0429783	-0.0311462
0.807059	0.0427347	0.0428356	-0.0362059
0.807647	0.0425469	0.0426933	-0.0396927
0.808235	0.0424652	0.0425515	-0.0415159
0.808824	0.0422144	0.0424102	-0.041435
0.809412	0.0421714	0.0422693	-0.039443
0.81	0.0419859	0.042129	-0.0358146
0.810588	0.0418539	0.041989	-0.0307156
0.811176	0.0417329	0.0418496	-0.0242029
0.811765	0.0415132	0.0417106	-0.0165966
0.812353	0.041456	0.0415721	-0.00840545
0.812941	0.0412429	0.041434	6.03152e-05
0.813529	0.0411555	0.0412964	0.00859464
0.814118	0.0410063	0.0411592	0.0167555
0.814706	0.0408321	0.0410225	0.0240351
0.815294	0.040746	0.0408863	0.0302111
0.815882	0.0405162	0.0407505	0.0351672
0.816471	0.0404624	0.0406152	0.038592
0.817059	0.0402958	0.0404803	0.0402127
0.817647	0.0399942	0.0403458	0.0400883
0.818235	0.0399727	0.0402118	0.0383581
0.818824	0.0399322	0.0400783	0.0349795
0.819412	0.0397584	0.0399452	0.0299997
0.82	0.0396533	0.0398125	0.0237837
0.820588	0.0395406	0.0396803	0.0167096
0.821176	0.0393521	0.0395485	0.0089458
0.821765	0.0392998	0.0394172	0.000745618
0.822353	0.0391101	0.0392863	-0.00738028
0.822941	0.0390364	0.0391558	-0.0149998
0.823529	0.038907	0.0390257	-0.0219405
0.824118	0.0387509	0.0388961	-0.0279751
0.824706	0.038681	0.0387669	-0.0326883
0.825294	0.0384675	0.0386382	-0.0358212
0.825882	0.0384327	0.0385099	-0.0374094
0.826471	0.0382786	0.038382	-0.0374503
0.827059	0.0381625	0.0382545	-0.0357892
0.827647	0.0380671	0.0381274	-0.0324587
0.828235	0.0378709	0.0380008	-0.0277789
0.828824	0.0378335	0.0378746	-0.0220098
0.829412	0.0376473	0.0377488	-0.0152445
0.83	0.0375783	0.0376235	-0.00773909
0.830588	0.03745	0.0374985	9.94911e-06
0.831176	0.0373019	0.037374	0.00762008
0.831765	0.0372309	0.0372498	0.0149261
0.832353	0.0370076	0.0371261	0.0216565
0.832941	0.0369904	0.0370028	0.027358
0.833529	0.0368244	0.0368799	0.0317434
0.834118	0.0367288	0.0367574	0.0347941
0.834706	0.0366195	0.0366354	0.0364355
0.835294	0.0363581	0.0365137	0.0364436
0.835882	0.0363154	0.0363924	0.0347753
0.836471	0.0362883	0.0362716	0.0316741
0.837059	0.0361338	0.0361511	0.027344
0.837647	0.0360296	0.036031	0.0218245
0.838235	0.0359311	0.0359114	0.0152969
0.838824	0.0357507	0.0357921	0.00820525
0.839412	0.0357075	0.0356732	0.000936919
0.84	0.0355146	0.0355547	-0.00633966
0.840588	0.0354636	0.0354367	-0.0133922
0.841176	0.0353261	0.035319	-0.0197725
0.841765	0.0351997	0.0352017	-0.025113
0.842353	0.0351169	0.0350848	-0.0293238
0.842941	0.0349163	0.0349682	-0.0323344
0.843529	0.0348875	0.0348521	-0.0338957
0.844118	0.0347127	0.0347364	-0.0338329
0.844706	0.0346384	0.034621	-0.0322747
0.845294	0.0345176	0.034506	-0.0294262
0.845882	0.03437	0.0343914	-0.0253184
0.846471	0.0343025	0.0342772	-0.0199998
0.847059	0.0340949	0.0341633	-0.0137961
0.847647	0.0340679	0.0340499	-0.00713091
0.848235	0.0339134	0.0339368	-0.000229353
0.848824	0.0338141	0.0338241	0.0067632
0.849412	0.0337121	0.0337118	0.0134945
0.85	0.0335416	0.0335998	0.0195109
0.850588	0.0334915	0.0334882	0.0245803
0.851176	0.03331	0.033377	0.0286543
0.851765	0.0332519	0.0332661	0.0315622
0.852353	0.0331219	0.0331556	0.0330196
0.852941	0.0328696	0.0330455	0.0329469
0.853529	0.0329269	0.0329358	0.0315186
0.854118	0.0328804	0.0328264	0.0288585
0.854706	0.0327575	0.0327174	0.0249386
0.855294	0.0326407	0.0326087	0.0198587
0.855882	0.0325688	0.0325004	0.0139846
0.856471	0.0323828	0.0323925	0.00768165
0.857059	0.0323613	0.0322849	0.00110971
0.857647	0.032204	0.0321777	-0.00557058
0.858235	0.0321354	0.0320708	-0.0119763
0.858824	0.0320288	0.0319643	-0.0176853
0.859412	0.0318915	0.0318581	-0.0225147
0.86	0.0318348	0.0317523	-0.0264187
0.860588	0.0316435	0.0316469	-0.0292071
0.861176	0.0316226	0.0315418	-0.0306021
0.861765	0.0314813	0.031437	-0.0305416
0.862353	0.0313926	0.0313326	-0.0291989
0.862941	0.0313007	0.0312285	-0.0266897
0.863529	0.031145	0.0311248	-0.0229822
0.864118	0.0311019	0.0310215	-0.0181601
0.864706	0.0309284	0.0309184	-0.0125675
0.865294	0.0308855	0.0308157	-0.00657089
0.865882	0.0307606	0.0307134	-0.000337588
0.866471	0.0306517	0.0306114	0.00600286
0.867059	0.0305749	0.0305097	0.0121168
0.867647	0.0304009	0.0304084	0.017581
0.868235	0.0303716	0.0303074	0.022175
0.868824	0.0302178	0.0302067	0.0258664
0.869412	0.0301512	0.0301064	0.0285351
0.87	0.0300446	0.0300064	0.0299203
0.870588	0.0298205	0.0299068	0.0298907
0.871176	0.0296888	0.0298075	0.0285838
0.871765	0.0296432	0.0297085	0.0261838
0.872353	0.0295314	0.0296098	0.0227131
0.872941	0.0294253	0.0295115	0.0181826
0.873529	0.0293569	0.0294134	0.0128379
0.874118	0.0291953	0.0293158	0.00707739
0.874706	0.0291657	0.0292184	0.00116656
0.875294	0.0290476	0.0291213	-0.00479234
0.875882	0.0289582	0.0290246	-0.0106056
0.876471	0.028883	0.0289282	-0.0158889
0.877059	0.0287347	0.0288322	-0.0203031
0.877647	0.0287019	0.0287364	-0.0237539
0.878235	0.0285755	0.028641	-0.0262434
0.878824	0.0285046	0.0285458	-0.0276319
0.879412	0.0284208	0.028451	-0.0277068
0.88	0.0282913	0.0283565	-0.0264506
0.880588	0.0282496	0.0282624	-0.0240773
0.881176	0.0281119	0.0281685	-0.020779
0.881765	0.0280624	0.028075	-0.0165873
0.882353	0.0279671	0.0279817	-0.0115622
0.882941	0.0278594	0.0278888	-0.00599331
0.883529	0.0278061	0.0277962	-0.000281673
0.884118	0.0276536	0.0277038	0.00532444
0.884706	0.0276291	0.0276118	0.0107371
0.885294	0.027519	0.0275201	0.015787
0.885882	0.0274364	0.0274287	0.0201301
0.886471	0.0273682	0.0273376	0.0234621
0.887059	0.0272285	0.0272468	0.0257184
0.887647	0.0272015	0.0271563	0.0269605
0.888235	0.0270731	0.0270662	0.0271368
0.888824	0.0270187	0.0269763	0.0260923
0.889412	0.0269249	0.0268867	0.0238138
0.89	0.0268675	0.0267974	0.0205311
0.890588	0.0267174	0.0267084	0.0165186
0.891176	0.0267007	0.0266197	0.0118928
0.891765	0.026582	0.0265313	0.00670424
0.892353	0.0265187	0.0264432	0.00116944
0.892941	0.0264414	0.0263553	-0.00432066
0.893529	0.0263218	0.0262678	-0.00944076
0.894118	0.0262853	0.0261806	-0.0140743
0.894706	0.0261444	0.0260936	-0.0181625
0.895294	0.0261141	0.0260069	-0.0214995
0.895882	0.0260145	0.0259206	-0.0237896
0.896471	0.0259279	0.0258345	-0.0248899
0.897059	0.0258693	0.0257487	-0.0248887
0.897647	0.0257272	0.0256632	-0.0239126
0.898235	0.0257089	0.0255779	-0.0219472
0.898824	0.0255853	0.025493	-0.0189309
0.899412	0.0255337	0.0254083	-0.0149801
0.9	0.025451	0.0253239	-0.0104141
0.900588	0.025344	0.0252398	-0.00553661
0.901176	0.0253016	0.025156	-0.000479085
0.901765	0.0251528	0.0250725	0.00468592
0.902353	0.0251374	0.0249892	0.00973672
0.902941	0.0250294	0.0249062	0.0143083
0.903529	0.0249589	0.0248235	0.0181149
0.904118	0.024891	0.024741	0.0210878
0.904706	0.0247663	0.0246589	0.0232483
0.905294	0.0247379	0.024577	0.0245048
0.905882	0.0246041	0.0244953	0.024662
0.906471	0.0243545	0.024414	0.0236325
0.907059	0.0242835	0.0243329	0.0215602
0.907647	0.0242162	0.0242521	0.0186875
0.908235	0.0240977	0.0241715	0.015146
0.908824	0.0240644	0.0240913	0.0109505
0.909412	0.0239567	0.0240113	0.00619304
0.91	0.0238993	0.0239315	0.00116582
0.910588	0.0238258	0.023852	-0.00376262
0.911176	0.0237214	0.0237728	-0.00836118
0.911765	0.0236816	0.0236939	-0.012568
0.912353	0.0235667	0.0236152	-0.016312
0.912941	0.0235242	0.0235367	-0.0193727
0.913529	0.0234435	0.0234586	-0.0214704
0.914118	0.0233541	0.0233807	-0.0224763
0.914706	0.0233069	0.023303	-0.0224734
0.915294	0.0231833	0.0232256	-0.0215969
0.915882	0.0231572	0.0231485	-0.0198629
0.916471	0.0230677	0.0230716	-0.0172047
0.917059	0.0229948	0.022995	-0.0136648
0.917647	0.0229389	0.0229186	-0.00949273
0.918235	0.0228199	0.0228425	-0.00501887
0.918824	0.022797	0.0227666	-0.000457909
0.919412	0.0226972	0.022691	0.00412195
0.92	0.0226425	0.0226157	0.00863779
0.920588	0.0225763	0.0225405	0.0128517
0.921176	0.0224755	0.0224657	0.0164342
0.921765	0.0224424	0.0223911	0.0191613
0.922353	0.0223305	0.0223167	0.0210115
0.922941	0.0222958	0.0222426	0.0220536
0.923529	0.0222177	0.0221687	0.02227
0.924118	0.022308	0.0220951	0.0215313
0.924706	0.022206	0.0220217	0.0197536
0.925294	0.0221756	0.0219486	0.0170469
0.925882	0.0220503	0.0218757	0.0136784
0.926471	0.0220299	0.021803	0.00989047
0.927059	0.0219414	0.0217306	0.00578336
0.927647	0.0218712	0.0216584	0.00139099
0.928235	0.0218191	0.0215865	-0.00314976
0.928824	0.0217	0.0215148	-0.00754142
0.929412	0.0216835	0.0214434	-0.011454
0.93	0.0215733	0.0213721	-0.0146993
0.930588	0.0215351	0.0213012	-0.0172617
0.931176	0.021461	0.0212304	-0.0191605
0.931765	0.021374	0.0211599	-0.0203074
0.932353	0.0213355	0.0210896	-0.0205228
0.932941	0.0212038	0.0210196	-0.0196943
0.933529	0.0211972	0.0209498	-0.0179013
0.934118	0.0211013	0.0208802	-0.0153698
0.934706	0.0210462	0.0208109	-0.0123068
0.935294	0.0209858	0.0207417	-0.00879207
0.935882	0.020883	0.0206729	-0.00483749
0.936471	0.0208575	0.0206042	-0.000541731
0.937059	0.0207401	0.0205358	0.00383386
0.937647	0.0207166	0.0204676	0.00795474
0.938235	0.0206344	0.0203996	0.0115796
0.938824	0.0205635	0.0203318	0.0146366
0.939412	0.0205159	0.0202643	0.0171386
0.94	0.0203984	0.020197	0.0190355
0.940588	0.020385	0.0201299	0.0201606
0.941176	0.0202815	0.0200631	0.0203292
0.941765	0.0200044	0.0199964	0.0194898
0.942353	0.0199036	0.01993	0.0177757
0.942941	0.019875	0.0198638	0.0154072
0.943529	0.0198029	0.0197979	0.0125423
0.944118	0.0197349	0.0197321	0.00922085
0.944706	0.0196911	0.0196666	0.00545035
0.945294	0.0195846	0.0196013	0.00134264
0.945882	0.0195683	0.0195362	-0.00283899
0.946471	0.0194863	0.0194713	-0.00677207
0.947059	0.0194349	0.0194066	-0.0102232
0.947647	0.0193812	0.0193422	-0.0131176
0.948235	0.0192911	0.0192779	-0.0154731
0.948824	0.0192652	0.0192139	-0.0172673
0.949412	0.0191727	0.0191501	-0.0183687
0.95	0.0191385	0.0190865	-0.0185963
0.950588	0.0190745	0.0190231	-0.0178542
0.951176	0.0190014	0.0189599	-0.0162179
0.951765	0.0189653	0.0188969	-0.013896
0.952353	0.0188616	0.0188342	-0.0111027
0.952941	0.0188453	0.0187716	-0.00795198
0.953529	0.0187703	0.0187093	-0.00446378
0.954118	0.018715	0.0186472	-0.000668435
0.954706	0.018668	0.0185852	0.00328772
0.955294	0.0185746	0.0185235	0.00713228
0.955882	0.018555	0.018462	0.0105647
0.956471	0.0184683	0.0184007	0.013383
0.957059	0.0184315	0.0183396	0.0155375
0.957647	0.018373	0.0182786	0.0170742
0.958235	0.0182978	0.0182179	0.0180203
0.958824	0.0182669	0.0181574	0.0183099
0.959412	0.0183383	0.0180971	0.0178116
0.96	0.0182694	0.018037	0.0164343
0.960588	0.0182072	0.0179771	0.0142242
0.961176	0.0181681	0.0179174	0.011377
0.961765	0.0180657	0.0178579	0.00815372
0.962353	0.0180557	0.0177986	0.00476611
0.962941	0.017972	0.0177395	0.00131519
0.963529	0.0179324	0.0176806	-0.00217548
0.964118	0.0178786	0.0176219	-0.00566418
0.964706	0.0177986	0.0175633	-0.00901096
0.965294	0.0177739	0.017505	-0.0119765
0.965882	0.0176756	0.0174469	-0.0143031
0.966471	0.0176584	0.0173889	-0.0158214
0.967059	0.0175899	0.0173312	-0.0165084
0.967647	0.0175323	0.0172736	-0.0164598
0.968235	0.017493	0.0172162	-0.0158001
0.968824	0.0173961	0.0171591	-0.0145958
0.969412	0.0173852	0.0171021	-0.0128303
0.97	0.017302	0.0170453	-0.0104554
0.970588	0.0172668	0.0169887	-0.00748065
0.971176	0.0172128	0.0169322	-0.00403727
0.971765	0.0171382	0.016876	-0.000371973
0.972353	0.0171127	0.01682	0.00322638
0.972941	0.0170149	0.0167641	0.00652216
0.973529	0.0170025	0.0167084	0.00939295
0.974118	0.0169345	0.0166529	0.0118214
0.974706	0.0168846	0.0165976	0.0138297
0.975294	0.0168482	0.0165425	0.0154024
0.975882	0.0167691	0.0164876	0.0164462
0.976471	0.0169487	0.0164328	0.0168129
0.977059	0.016987	0.0163782	0.0163707
0.977647	0.0169451	0.0163238	0.0150805
0.978235	0.0168443	0.0162696	0.0130345
0.978824	0.0168337	0.0162156	0.010434
0.979412	0.016745	0.0161617	0.00752137
0.98	0.016711	0.016108	0.00450173
0.980588	0.0166532	0.0160545	0.00149589
0.981176	0.0165773	0.0160012	-0.00145458
0.981765	0.0165503	0.0159481	-0.00433783
0.982353	0.0164475	0.0158951	-0.00710858
0.982941	0.0164377	0.0158423	-0.00964724
0.983529	0.0163669	0.0157897	-0.0117642
0.984118	0.0163214	0.0157373	-0.0132478
0.984706	0.0162887	0.015685	-0.0139327
0.985294	0.0162248	0.0156329	-0.0137569
0.985882	0.016251	0.015581	-0.012781
0.986471	0.0162272	0.0155292	-0.0111641
0.987059	0.0163501	0.0154777	-0.00910711
0.987647	0.0164603	0.0154263	-0.00679153
0.988235	0.0167295	0.015375	-0.00433779
0.988824	0.0170094	0.015324	-0.00179909
0.989412	0.0173784	0.0152731	0.000811137
0.99	0.0176798	0.0152224	0.00347392
0.990588	0.0177905	0.0151718	0.0061238
0.991176	0.0176345	0.0151214	0.00863087
0.991765	0.0171741	0.0150712	0.0108139
0.992353	0.0163554	0.0150211	0.0124794
0.992941	0.0152623	0.0149712	0.0134707
0.993529	0.0142825	0.0149215	0.0137103
0.994118	0.0137924	0.014872	0.0132185
0.994706	0.0134029	0.0148226	0.0121046
0.995294	0.0131312	0.0147733	0.010533
0.995882	0.0132996	0.0147243	0.00867893
0.996471	0.0139103	0.0146754	0.00668631
0.997059	0.0148799	0.0146266	0.00464219
0.997647	0.0160038	0.0145781	0.00257394
0.998235	0.0169115	0.0145296	0.000467693
0.998824	0.0174172	0.0144814	-0.00169951
0.999412	0	0.0144333	0
