0	0.998359	1	-0.161085
0.000833333	1.01159	1	0.0905183
0.00166667	1.00774	1	0.376651
0.0025	1.00523	1	0.629729
0.00333333	1.00218	1	0.827726
0.00416667	0.995464	1	0.953236
0.005	0.997764	1	0.995391
0.00583333	0.994159	1	0.950417
0.00666667	1.00124	1	0.822338
0.0075	1.00358	1	0.622229
0.00833333	1.00741	1	0.367739
0.00916667	1.01115	1	0.0808929
0.01	1.00591	1	-0.212984
0.0108333	1.00864	1	-0.488492
0.0116667	1.00271	1	-0.721272
0.0125	0.999525	1	-0.891256
0.0133333	0.997642	1	-0.983318
0.0141667	0.994435	1	-0.9897
0.015	0.999562	1	-0.90952
0.0158333	0.998425	1	-0.750158
0.0166667	1.0069	1	-0.525119
0.0175	1.00866	1	-0.254518
0.0183333	1.00948	1	0.038455
0.0191667	1.01036	1	0.327749
0.02	1.00208	1	0.588525
0.0208333	1.00303	1	0.797552
0.0216667	0.997333	1	0.937027
0.0225	0.996505	1	0.994262
0.0233333	0.997434	1	0.964797
0.0241667	0.99791	1	0.850637
0.025	1.00475	1	0.662338
0.0258333	1.00384	1	0.415782
0.0266667	1.0106	1	0.133074
0.0275	1.00979	1	-0.161628
0.0283333	1.0067	1	-0.442025
0.0291667	1.00561	1	-0.684169
0.03	0.996441	1	-0.866328
0.0308333	0.998496	1	-0.973171
0.0316667	0.994767	1	-0.994767
0.0325	0.998143	1	-0.929814
0.0333333	1.00149	1	-0.783424
0.0341667	1.00355	1	-0.568923
0.035	1.00978	1	-0.304555
0.0358333	1.00718	1	-0.0138906
0.0366667	1.01006	1	0.278114
0.0375	1.00674	1	0.545517
0.0383333	1.0013	1	0.765359
0.0391667	1.00018	1	0.918041
0.04	0.992713	1	0.990579
0.0408333	0.997791	1	0.976323
0.0416667	0.996952	1	0.876767
0.0425	1.00295	1	0.700439
0.0433333	1.00693	1	0.462841
0.0441667	1.00745	1	0.184714
0.045	1.01156	1	-0.109672
0.0458333	1.006	1	-0.394511
0.0466667	1.0056	1	-0.645036
0.0475	1.00084	1	-0.839172
0.0483333	0.99631	1	-0.960218
0.0491667	0.997227	1	-0.997227
0.05	0.993887	1	-0.947451
0.0508333	1.00147	1	-0.814638
0.0516667	1.00237	1	-0.611094
0.0525	1.0082	1	-0.353831
0.0533333	1.01064	1	-0.0661609
0.0541667	1.00735	1	0.227663
0.055	1.00864	1	0.501011
0.0558333	1.00101	1	0.731039
0.0566667	0.999912	1	0.896499
0.0575	0.996498	1	0.984186
0.0583333	0.995355	1	0.985088
0.0591667	0.999288	1	0.900551
0.06	0.998751	1	0.736488
0.0608333	1.0074	1	0.508739
0.0616667	1.00731	1	0.235687
0.0625	1.01021	1	-0.0572727
0.0633333	1.00934	1	-0.34609
0.0641667	1.00265	1	-0.603957
0.065	1.00278	1	-0.809922
0.0658333	0.995819	1	-0.944401
0.0666667	0.997212	1	-0.997212
0.0675	0.996352	1	-0.962208
0.0683333	0.998915	1	-0.843915
0.0691667	1.00467	1	-0.651296
0.07	1.00417	1	-0.402439
0.0708333	1.01118	1	-0.117968
0.0716667	1.00853	1	0.176273
0.0725	1.00745	1	0.455425
0.0733333	1.00456	1	0.694366
0.0741667	0.996952	1	0.872813
0.075	0.998343	1	0.974726
0.0758333	0.993608	1	0.991466
0.0766667	0.998907	1	0.921515
0.0775	1.00055	1	0.770806
0.0783333	1.00479	1	0.55293
0.0791667	1.00929	1	0.286277
0.08	1.00599	1	-0.00499255
0.0808333	1.01015	1	-0.296472
0.0816667	1.00547	1	-0.561471
0.0825	1.00214	1	-0.778214
0.0833333	0.999484	1	-0.926219
0.0841667	0.99425	1	-0.99425
0.085	0.99791	1	-0.974514
0.0858333	0.995982	1	-0.87072
0.0866667	1.00407	1	-0.689836
0.0875	1.00621	1	-0.449862
0.0883333	1.00875	1	-0.169523
0.0891667	1.01081	1	0.124436
0.09	1.00401	1	0.408525
0.0908333	1.00557	1	0.655816
0.0916667	0.999916	1	0.846671
0.0925	0.997453	1	0.962593
0.0933333	0.996963	1	0.995106
0.0941667	0.995624	1	0.939892
0.095	1.00155	1	0.803055
0.0958333	1.00068	1	0.595505
0.0966667	1.00863	1	0.336156
0.0975	1.00955	1	0.0472066
0.0983333	1.00828	1	-0.24597
0.0991667	1.00832	1	-0.517519
0.1	0.999249	1	-0.744304
0.100833	1.00034	1	-0.905565
0.101667	0.995084	1	-0.988481
0.1025	0.996634	1	-0.984234
0.103333	0.999077	1	-0.89503
0.104167	1.00065	1	-0.726608
0.105	1.00726	1	-0.495926
0.105833	1.0056	1	-0.220747
0.106667	1.01045	1	0.0723593
0.1075	1.00851	1	0.360396
0.108333	1.00376	1	0.615528
0.109167	1.00276	1	0.818111
0.11	0.994039	1	0.947882
0.110833	0.997591	1	0.99589
0.111667	0.995075	1	0.955796
0.1125	0.999912	1	0.832938
0.113333	1.00362	1	0.63658
0.114167	1.00525	1	0.384954
0.115	1.01095	1	0.0993999
0.115833	1.0074	1	-0.194917
0.116667	1.00836	1	-0.472049
0.1175	1.00391	1	-0.708439
0.118333	0.998519	1	-0.882349
0.119167	0.997682	1	-0.980068
0.12	0.992496	1	-0.99118
0.120833	0.999446	1	-0.916957
0.121667	0.99943	1	-0.761314
0.1225	1.00575	1	-0.540689
0.123333	1.00866	1	-0.271344
0.124167	1.00733	1	0.0200863
0.125	1.01007	1	0.311207
0.125833	1.00406	1	0.573636
0.126667	1.00274	1	0.787154
0.1275	0.998678	1	0.930708
0.128333	0.995574	1	0.99375
0.129167	0.997508	1	0.969235
0.13	0.995745	1	0.860339
0.130833	1.00377	1	0.676071
0.131667	1.00487	1	0.432501
0.1325	1.0094	1	0.151494
0.133333	1.01078	1	-0.143523
0.134167	1.00548	1	-0.425101
0.135	1.00599	1	-0.67081
0.135833	0.997913	1	-0.856552
0.136667	0.997748	1	-0.969089
0.1375	0.995328	1	-0.995328
0.138333	0.997033	1	-0.936381
0.139167	1.0018	1	-0.79398
0.14	1.00168	1	-0.583862
0.140833	1.00913	1	-0.321364
0.141667	1.00805	1	-0.0320467
0.1425	1.00877	1	0.260918
0.143333	1.00738	1	0.530409
0.144167	0.999635	1	0.753753
0.145	1.00054	1	0.91123
0.145833	0.994151	1	0.988599
0.146667	0.997443	1	0.980249
0.1475	0.997652	1	0.885125
0.148333	1.00147	1	0.713899
0.149167	1.00667	1	0.478682
0.15	1.00501	1	0.203273
0.150833	1.011	1	-0.0917786
0.151667	1.00778	1	-0.377036
0.1525	1.00515	1	-0.631202
0.153333	1.00209	1	-0.82863
0.154167	0.995329	1	-0.955134
0.155	0.997124	1	-0.997124
0.155833	0.99443	1	-0.952797
0.156667	1.00129	1	-0.824933
0.1575	1.00355	1	-0.62496
0.158333	1.00729	1	-0.370961
0.159167	1.01051	1	-0.0836847
0.16	1.00516	1	0.20955
0.160833	1.00775	1	0.485985
0.161667	1.0025	1	0.718093
0.1625	0.999025	1	0.889298
0.163333	0.997835	1	0.980775
0.164167	0.99432	1	0.988365
0.165	0.999579	1	0.907788
0.165833	0.997835	1	0.7493
0.166667	1.00633	1	0.524106
0.1675	1.00768	1	0.253818
0.168333	1.00842	1	-0.039055
0.169167	1.00976	1	-0.328706
0.17	1.00228	1	-0.589105
0.170833	1.00306	1	-0.799136
0.171667	0.997508	1	-0.93795
0.1725	0.996645	1	-0.996645
0.173333	0.996892	1	-0.966304
0.174167	0.997058	1	-0.85371
0.175	1.00478	1	-0.664469
0.175833	1.00425	1	-0.419196
0.176667	1.01087	1	-0.135661
0.1775	1.0096	1	0.158353
0.178333	1.00646	1	0.439297
0.179167	1.00477	1	0.681485
0.18	0.995914	1	0.863801
0.180833	0.997677	1	0.971361
0.181667	0.994944	1	0.992684
0.1825	0.997816	1	0.928891
0.183333	1.00164	1	0.781861
0.184167	1.00359	1	0.56861
0.185	1.00975	1	0.303408
0.185833	1.00658	1	0.0137066
0.186667	1.00948	1	-0.279088
0.1875	1.00587	1	-0.546102
0.188333	1.0003	1	-0.766444
0.189167	0.999698	1	-0.919435
0.19	0.992617	1	-0.992006
0.190833	0.99726	1	-0.978669
0.191667	0.996341	1	-0.878627
0.1925	1.00215	1	-0.703574
0.193333	1.00657	1	-0.465055
0.194167	1.00677	1	-0.188216
0.195	1.0116	1	0.107305
0.195833	1.00645	1	0.391208
0.196667	1.00591	1	0.642744
0.1975	1.00084	1	0.836601
0.198333	0.996262	1	0.958175
0.199167	0.996558	1	0.995698
0.2	0.992965	1	0.945728
0.200833	1.00077	1	0.814117
0.201667	1.00242	1	0.609653
0.2025	1.00803	1	0.353944
0.203333	1.0109	1	0.0648588
0.204167	1.00749	1	-0.227485
0.205	1.00866	1	-0.502379
0.205833	1.00057	1	-0.731384
0.206667	0.999505	1	-0.898103
0.2075	0.995833	1	-0.985476
0.208333	0.995668	1	-0.987007
0.209167	0.999671	1	-0.902884
0.21	0.999016	1	-0.738691
0.210833	1.00703	1	-0.511848
0.211667	1.0066	1	-0.238061
0.2125	1.00937	1	0.0539389
0.213333	1.0089	1	0.343704
0.214167	1.00194	1	0.601037
0.215	1.00279	1	0.80769
0.215833	0.996263	1	0.942388
0.216667	0.997424	1	0.995254
0.2175	0.996754	1	0.961281
0.218333	0.999361	1	0.84227
0.219167	1.00405	1	0.651246
0.22	1.00366	1	0.401059
0.220833	1.01007	1	0.118274
0.221667	1.00814	1	-0.177515
0.2225	1.0068	1	-0.455413
0.223333	1.00496	1	-0.695627
0.224167	0.997095	1	-0.873669
0.225	0.998856	1	-0.97613
0.225833	0.993478	1	-0.993478
0.226667	0.997738	1	-0.923136
0.2275	1.00034	1	-0.773856
0.228333	1.00417	1	-0.554784
0.229167	1.00997	1	-0.289873
0.23	1.00632	1	0.00296222
0.230833	1.01087	1	0.293008
0.231667	1.0053	1	0.559397
0.2325	1.002	1	0.77549
0.233333	0.998577	1	0.924281
0.234167	0.993261	1	0.992587
0.235	0.996987	1	0.972887
0.235833	0.99567	1	0.870036
0.236667	1.00345	1	0.688632
0.2375	1.00666	1	0.449704
0.238333	1.00896	1	0.168732
0.239167	1.01162	1	-0.124708
0.24	1.0043	1	-0.409052
0.240833	1.00567	1	-0.656789
0.241667	0.998911	1	-0.847201
0.2425	0.996502	1	-0.964573
0.243333	0.995957	1	-0.995957
0.244167	0.995714	1	-0.942773
0.245	1.00218	1	-0.804508
0.245833	1.00084	1	-0.598803
0.246667	1.00883	1.00001	-0.338337
0.2475	1.00879	1.00003	-0.050268
0.248333	1.00737	1.00017	0.243164
0.249167	1.00652	1.00056	0.514972
0.25	0.995993	1	0.73966
0.250833	0.99329	0.995857	0.90001
0.251667	0.986905	0.990787	0.978775
0.2525	0.982385	0.985995	0.974583
0.253333	0.978944	0.981331	0.882859
0.254167	0.970626	0.976712	0.717497
0.255	0.969521	0.972119	0.489468
0.255833	0.961078	0.967548	0.221805
0.256667	0.959062	0.962999	-0.062627
0.2575	0.954254	0.958472	-0.339975
0.258333	0.948031	0.953965	-0.583448
0.259167	0.94676	0.94948	-0.776169
0.26	0.938312	0.945016	-0.897149
0.260833	0.938178	0.940572	-0.941305
0.261667	0.931051	0.93615	-0.901317
0.2625	0.9271	0.931748	-0.784548
0.263333	0.923772	0.927368	-0.600295
0.264167	0.915785	0.923007	-0.365136
0.265	0.915868	0.918668	-0.10173
0.265833	0.909142	0.914348	0.169796
0.266667	0.907012	0.910049	0.42179
0.2675	0.902627	0.90577	0.636774
0.268333	0.89685	0.901512	0.792413
0.269167	0.894668	0.897273	0.878857
0.27	0.885497	0.893054	0.88737
0.270833	0.885599	0.888855	0.81831
0.271667	0.879575	0.884676	0.679574
0.2725	0.875809	0.880517	0.48142
0.273333	0.873021	0.876377	0.245048
0.274167	0.865474	0.872256	-0.0124143
0.275	0.865612	0.868155	-0.264731
0.275833	0.858861	0.864073	-0.492924
0.276667	0.857042	0.860011	-0.675559
0.2775	0.852456	0.855967	-0.797609
0.278333	0.847171	0.851943	-0.849994
0.279167	0.844747	0.847937	-0.826619
0.28	0.83719	0.84395	-0.733288
0.280833	0.837009	0.839982	-0.575356
0.281667	0.831947	0.836033	-0.370432
0.2825	0.828317	0.832102	-0.134208
0.283333	0.825413	0.82819	0.110946
0.284167	0.818456	0.824296	0.34385
0.285	0.81767	0.82042	0.545409
0.285833	0.810597	0.816563	0.696229
0.286667	0.808986	0.812723	0.786539
0.2875	0.80475	0.808902	0.805934
0.288333	0.799633	0.805099	0.756242
0.289167	0.798257	0.801314	0.640324
0.29	0.791006	0.797546	0.469941
0.290833	0.790952	0.793796	0.260602
0.291667	0.785908	0.790064	0.029556
0.2925	0.782622	0.786349	-0.200635
0.293333	0.779623	0.782652	-0.41272
0.294167	0.773175	0.778972	-0.585606
0.295	0.772317	0.77531	-0.706981
0.295833	0.765734	0.771664	-0.765251
0.296667	0.76451	0.768036	-0.756371
0.2975	0.761017	0.764425	-0.682459
0.298333	0.756106	0.760831	-0.548852
0.299167	0.754688	0.757254	-0.370122
0.3	0.747106	0.753693	-0.159625
0.300833	0.747273	0.75015	0.0616317
0.301667	0.74192	0.746623	0.276028
0.3025	0.738933	0.743112	0.464195
0.303333	0.736033	0.739618	0.609704
0.304167	0.729885	0.736141	0.701603
0.305	0.729538	0.73268	0.730347
0.305833	0.723941	0.729235	0.696437
0.306667	0.722378	0.725806	0.60111
0.3075	0.718945	0.722394	0.455016
0.308333	0.714407	0.718997	0.270424
0.309167	0.712918	0.715617	0.0636693
0.31	0.705682	0.712252	-0.145978
0.310833	0.70591	0.708903	-0.342075
0.311667	0.700852	0.70557	-0.505466
0.3125	0.698081	0.702253	-0.624417
0.313333	0.69537	0.698951	-0.687288
0.314167	0.689848	0.695665	-0.690053
0.315	0.689757	0.692394	-0.633081
0.315833	0.68411	0.689138	-0.520917
0.316667	0.682781	0.685898	-0.365541
0.3175	0.679015	0.682673	-0.17881
0.318333	0.674883	0.679463	0.0207107
0.319167	0.67312	0.676269	0.2171
0.32	0.666468	0.673089	0.392508
0.320833	0.66658	0.669924	0.53174
0.321667	0.662245	0.666775	0.624028
0.3225	0.659476	0.66364	0.660123
0.323333	0.657334	0.660519	0.639374
0.324167	0.651787	0.657414	0.562279
0.325	0.651625	0.654323	0.437421
0.325833	0.646237	0.651246	0.27555
0.326667	0.645047	0.648184	0.0907794
0.3275	0.641458	0.645137	-0.0994709
0.328333	0.637614	0.642104	-0.280269
0.329167	0.635926	0.639085	-0.434117
0.33	0.629601	0.63608	-0.549511
0.330833	0.629772	0.633089	-0.615721
0.331667	0.625615	0.630112	-0.6277
0.3325	0.623403	0.62715	-0.585511
0.333333	0.621243	0.624201	-0.492043
0.334167	0.61608	0.621266	-0.357606
0.335	0.615608	0.618345	-0.192577
0.335833	0.610266	0.615438	-0.0129427
0.336667	0.609196	0.612544	0.166197
0.3375	0.605789	0.609664	0.329402
0.338333	0.602128	0.606798	0.46171
0.339167	0.600741	0.603945	0.553356
0.34	0.595059	0.601105	0.595093
0.340833	0.595137	0.598279	0.585227
0.341667	0.591352	0.595466	0.524165
0.3425	0.588928	0.592666	0.4179
0.343333	0.586875	0.58988	0.276688
0.344167	0.582041	0.587106	0.111933
0.345	0.581607	0.584346	-0.0602608
0.345833	0.576551	0.581598	-0.226341
0.346667	0.575594	0.578864	-0.370817
0.3475	0.572324	0.576142	-0.481751
0.348333	0.568934	0.573433	-0.550137
0.349167	0.567534	0.570737	-0.569426
0.35	0.562406	0.568054	-0.539816
0.350833	0.562491	0.565383	-0.462873
0.351667	0.558795	0.562725	-0.346901
0.3525	0.556562	0.560079	-0.201794
0.353333	0.554423	0.557445	-0.0402883
0.354167	0.549928	0.554825	0.122562
0.355	0.549347	0.552216	0.273877
0.355833	0.544582	0.54962	0.399176
0.356667	0.543655	0.547035	0.488975
0.3575	0.540695	0.544463	0.53517
0.358333	0.537436	0.541903	0.534075
0.359167	0.536285	0.539356	0.486983
0.36	0.531203	0.53682	0.397205
0.360833	0.531326	0.534296	0.274318
0.361667	0.527854	0.531783	0.128186
0.3625	0.52577	0.529283	-0.027634
0.363333	0.523801	0.526795	-0.179432
0.364167	0.519574	0.524318	-0.314755
0.365	0.519064	0.521853	-0.420808
0.365833	0.514513	0.519399	-0.489945
0.366667	0.513706	0.516957	-0.515418
0.3675	0.510897	0.514526	-0.495984
0.368333	0.507778	0.512107	-0.433862
0.369167	0.506773	0.509699	-0.334126
0.37	0.501955	0.507303	-0.206962
0.370833	0.502086	0.504918	-0.06245
0.371667	0.498734	0.502544	0.0856855
0.3725	0.496795	0.500181	0.224972
0.373333	0.494849	0.497829	0.343577
0.374167	0.490886	0.495488	0.430581
0.375	0.490344	0.493159	0.479861
0.375833	0.486062	0.49084	0.486313
0.376667	0.485287	0.488532	0.450635
0.3775	0.4826	0.486235	0.376037
0.378333	0.479747	0.483949	0.269027
0.379167	0.47866	0.481674	0.140104
0.38	0.474075	0.479409	-0.00045383
0.380833	0.474231	0.477155	-0.139233
0.381667	0.471104	0.474912	-0.264854
0.3825	0.469282	0.472679	-0.366423
0.383333	0.467522	0.470456	-0.434802
0.384167	0.463782	0.468244	-0.465327
0.385	0.463262	0.466043	-0.454579
0.385833	0.459225	0.463851	-0.404807
0.386667	0.45849	0.461671	-0.320262
0.3875	0.455961	0.4595	-0.208467
0.388333	0.453262	0.457339	-0.0801222
0.389167	0.452242	0.455189	0.0544896
0.39	0.447911	0.453049	0.182555
0.390833	0.448056	0.450919	0.293706
0.391667	0.445103	0.448799	0.378265
0.3925	0.443378	0.446689	0.428695
0.393333	0.44172	0.444588	0.441813
0.394167	0.438183	0.442498	0.415778
0.395	0.437769	0.440418	0.354105
0.395833	0.433915	0.438347	0.262071
0.396667	0.433284	0.436286	0.147811
0.3975	0.430778	0.434235	0.0221655
0.398333	0.428317	0.432193	-0.104812
0.399167	0.427193	0.430161	-0.2211
0.4	0.422987	0.428138	-0.317296
0.400833	0.423187	0.426125	-0.385147
0.401667	0.42036	0.424122	-0.418525
0.4025	0.418859	0.422128	-0.415735
0.403333	0.417336	0.420143	-0.376383
0.404167	0.413972	0.418168	-0.30498
0.405	0.413638	0.416201	-0.207784
0.405833	0.410024	0.414245	-0.0931853
0.406667	0.409425	0.412297	0.027912
0.4075	0.407047	0.410358	0.145866
0.408333	0.404735	0.408429	0.249629
0.409167	0.403627	0.406509	0.330696
0.41	0.399615	0.404597	0.382392
0.410833	0.399801	0.402695	0.399837
0.411667	0.397089	0.400802	0.382753
0.4125	0.395585	0.398917	0.332104
0.413333	0.394144	0.397042	0.253096
0.414167	0.390977	0.395175	0.152924
0.415	0.390736	0.393317	0.0399397
0.415833	0.38743	0.391468	-0.0750351
0.416667	0.386853	0.389627	-0.182833
0.4175	0.384665	0.387795	-0.273607
0.418333	0.382499	0.385972	-0.33964
0.419167	0.381431	0.384157	-0.375915
0.42	0.377661	0.382351	-0.378729
0.420833	0.37776	0.380553	-0.349004
0.421667	0.375091	0.378764	-0.289072
0.4225	0.373711	0.376983	-0.204497
0.423333	0.372276	0.375211	-0.103325
0.424167	0.369303	0.373446	0.00627964
0.425	0.369063	0.371691	0.113866
0.425833	0.36603	0.369943	0.210649
0.426667	0.365438	0.368204	0.288238
0.4275	0.363484	0.366472	0.339623
0.428333	0.361389	0.364749	0.361357
0.429167	0.360477	0.363034	0.351015
0.43	0.356913	0.361327	0.310337
0.430833	0.357027	0.359629	0.243094
0.431667	0.354381	0.357938	0.154943
0.4325	0.353169	0.356255	0.0545188
0.433333	0.351644	0.35458	-0.0501093
0.434167	0.348937	0.352913	-0.149304
0.435	0.348545	0.351253	-0.234491
0.435833	0.345622	0.349602	-0.298868
0.436667	0.345094	0.347958	-0.336262
0.4375	0.343276	0.346322	-0.34442
0.438333	0.341307	0.344694	-0.322483
0.439167	0.340569	0.343073	-0.272577
0.44	0.337165	0.34146	-0.199835
0.440833	0.337394	0.339855	-0.110033
0.441667	0.334971	0.338257	-0.0118406
0.4425	0.333807	0.336666	0.0864522
0.443333	0.332363	0.335083	0.176453
0.444167	0.329826	0.333508	0.249823
0.445	0.329372	0.33194	0.301099
0.445833	0.326462	0.330379	0.325407
0.446667	0.326028	0.328826	0.321103
0.4475	0.324188	0.32728	0.289106
0.448333	0.322357	0.325741	0.231815
0.449167	0.321572	0.324209	0.155195
0.45	0.318417	0.322685	0.0655801
0.450833	0.318612	0.321168	-0.0290369
0.451667	0.316438	0.319658	-0.119976
0.4525	0.315301	0.318155	-0.200056
0.453333	0.314064	0.316659	-0.26172
0.454167	0.311633	0.31517	-0.300159
0.455	0.311299	0.313688	-0.312336
0.455833	0.308597	0.312213	-0.296919
0.456667	0.308208	0.310745	-0.256226
0.4575	0.30638	0.309284	-0.193445
0.458333	0.304709	0.30783	-0.114453
0.459167	0.303815	0.306383	-0.026547
0.46	0.300874	0.304942	0.0631639
0.460833	0.300927	0.303509	0.146164
0.461667	0.298788	0.302082	0.215743
0.4625	0.297735	0.300661	0.26597
0.463333	0.296568	0.299248	0.292215
0.464167	0.29425	0.297841	0.2931
0.465	0.294022	0.29644	0.268184
0.465833	0.291556	0.295047	0.220128
0.466667	0.291143	0.293659	0.153554
0.4675	0.28954	0.292279	0.0738453
0.468333	0.287929	0.290904	-0.0112665
0.469167	0.287163	0.289537	-0.0947698
0.47	0.28438	0.288175	-0.169404
0.470833	0.284438	0.28682	-0.22833
0.471667	0.282288	0.285472	-0.267227
0.4725	0.281385	0.28413	-0.282323
0.473333	0.280189	0.282794	-0.272745
0.474167	0.278086	0.281464	-0.239803
0.475	0.277686	0.280141	-0.186002
0.475833	0.275255	0.278824	-0.116858
0.476667	0.274895	0.277513	-0.0381519
0.4775	0.273365	0.276208	0.0432392
0.478333	0.271828	0.274909	0.119738
0.479167	0.271178	0.273617	0.185382
0.48	0.268502	0.27233	0.234059
0.480833	0.268691	0.27105	0.261802
0.481667	0.266829	0.269775	0.266729
0.4825	0.2659	0.268507	0.248017
0.483333	0.264822	0.267244	0.208092
0.484167	0.262805	0.265988	0.150378
0.485	0.262489	0.264737	0.0798682
0.485833	0.260111	0.263493	0.00336473
0.486667	0.259843	0.262254	-0.0730303
0.4875	0.25826	0.261021	-0.142304
0.488333	0.256903	0.259793	-0.198431
0.489167	0.256122	0.258572	-0.237113
0.49	0.253688	0.257356	-0.254534
0.490833	0.253743	0.256146	-0.249827
0.491667	0.251859	0.254942	-0.223562
0.4925	0.25103	0.253743	-0.17785
0.493333	0.249964	0.25255	-0.117451
0.494167	0.248064	0.251363	-0.0472519
0.495	0.247804	0.250181	0.0264022
0.495833	0.245722	0.249005	0.0967765
0.496667	0.24538	0.247834	0.158348
0.4975	0.244059	0.246669	0.205299
0.498333	0.242692	0.245509	0.233901
0.499167	0.242101	0.244354	0.242057
0.5	0.239739	0.243206	0.228714
0.500833	0.239851	0.242062	0.195798
0.501667	0.238061	0.240924	0.146081
0.5025	0.237315	0.239791	0.0838953
0.503333	0.23623	0.238664	0.0152711
0.504167	0.234506	0.237542	-0.054326
0.505	0.234127	0.236425	-0.118511
0.505833	0.231998	0.235313	-0.171646
0.506667	0.23177	0.234207	-0.209682
0.5075	0.230392	0.233106	-0.228885
0.508333	0.228708	0.23201	-0.22811
0.509167	0.228008	0.230919	-0.207685
0.51	0.225841	0.229833	-0.169128
0.510833	0.22586	0.228752	-0.11653
0.511667	0.224236	0.227677	-0.0542384
0.5125	0.223479	0.226606	0.0122861
0.513333	0.222581	0.225541	0.076788
0.514167	0.220872	0.224481	0.134235
0.515	0.220678	0.223425	0.179335
0.515833	0.218808	0.222375	0.20824
0.516667	0.218527	0.221329	0.219012
0.5175	0.217312	0.220288	0.210338
0.518333	0.216128	0.219253	0.183513
0.519167	0.215549	0.218222	0.141096
0.52	0.213483	0.217196	0.0865016
0.520833	0.213525	0.216175	0.0251413
0.521667	0.211886	0.215158	-0.0379171
0.5225	0.211253	0.214147	-0.0972404
0.523333	0.210259	0.21314	-0.147267
0.524167	0.208743	0.212138	-0.184263
0.525	0.208399	0.21114	-0.204824
0.525833	0.206523	0.210147	-0.207212
0.526667	0.20642	0.209159	-0.191839
0.5275	0.20514	0.208176	-0.159693
0.528333	0.204086	0.207197	-0.113996
0.529167	0.203447	0.206223	-0.0589992
0.53	0.201535	0.205253	0.000892768
0.530833	0.201537	0.204288	0.0599257
0.531667	0.200075	0.203328	0.113184
0.5325	0.199418	0.202372	0.156292
0.533333	0.198602	0.20142	0.185103
0.534167	0.197096	0.200473	0.197713
0.535	0.196908	0.199531	0.193029
0.535833	0.19523	0.198593	0.171359
0.536667	0.194993	0.197659	0.135252
0.5375	0.193904	0.19673	0.0875685
0.538333	0.19286	0.195805	0.0326308
0.539167	0.19234	0.194884	-0.0243811
0.54	0.190509	0.193968	-0.0789968
0.540833	0.190545	0.193056	-0.126129
0.541667	0.189074	0.192148	-0.161718
0.5425	0.188527	0.191245	-0.18317
0.543333	0.187639	0.190345	-0.188252
0.544167	0.186314	0.18945	-0.176952
0.545	0.186097	0.18856	-0.150536
0.545833	0.1844	0.187673	-0.111
0.546667	0.184243	0.186791	-0.0623706
0.5475	0.183098	0.185912	-0.00879573
0.548333	0.182177	0.185038	0.0452538
0.549167	0.181583	0.184168	0.0945874
0.55	0.179907	0.183302	0.135357
0.550833	0.179866	0.182441	0.164051
0.551667	0.178493	0.181583	0.177947
0.5525	0.178021	0.180729	0.176466
0.553333	0.177173	0.179879	0.159577
0.554167	0.175912	0.179034	0.128806
0.555	0.175634	0.178192	0.0873816
0.555833	0.174122	0.177354	0.0385517
0.556667	0.173922	0.17652	-0.0131885
0.5575	0.172958	0.17569	-0.0630816
0.558333	0.172024	0.174864	-0.107274
0.559167	0.171591	0.174042	-0.141592
0.56	0.169943	0.173224	-0.163165
0.560833	0.170021	0.172409	-0.170588
0.561667	0.168755	0.171599	-0.162873
0.5625	0.168206	0.170792	-0.141093
0.563333	0.16752	0.169989	-0.107417
0.564167	0.166276	0.16919	-0.0644504
0.565	0.166084	0.168394	-0.0164356
0.565833	0.164572	0.167602	0.0324964
0.566667	0.16445	0.166814	0.0783739
0.5675	0.163433	0.16603	0.116766
0.568333	0.162627	0.165249	0.1447
0.569167	0.162114	0.164472	0.159935
0.57	0.16059	0.163699	0.160854
0.570833	0.160655	0.162929	0.147939
0.571667	0.159489	0.162163	0.122319
0.5725	0.158996	0.161401	0.0860751
0.573333	0.158298	0.160642	0.0429218
0.574167	0.157155	0.159887	-0.00362737
0.575	0.156918	0.159135	-0.0495659
0.575833	0.155445	0.158387	-0.0905016
0.576667	0.155355	0.157642	-0.12334
0.5775	0.15436	0.156901	-0.145178
0.578333	0.153618	0.156163	-0.15395
0.579167	0.153108	0.155429	-0.149468
0.58	0.151714	0.154698	-0.131961
0.580833	0.151669	0.153971	-0.102974
0.581667	0.150517	0.153247	-0.0655459
0.5825	0.150079	0.152526	-0.0226147
0.583333	0.149414	0.151809	0.021953
0.584167	0.148334	0.151095	0.063963
0.585	0.148147	0.150385	0.100228
0.585833	0.146869	0.149678	0.127409
0.586667	0.146718	0.148974	0.143071
0.5875	0.145897	0.148274	0.146384
0.588333	0.145133	0.147577	0.136822
0.589167	0.144644	0.146883	0.115341
0.59	0.143335	0.146192	0.0842731
0.590833	0.143299	0.145505	0.045992
0.591667	0.142226	0.144821	0.00404863
0.5925	0.141803	0.14414	-0.0376335
0.593333	0.141188	0.143462	-0.0758644
0.594167	0.140159	0.142788	-0.107074
0.595	0.139994	0.142116	-0.128504
0.595833	0.138793	0.141448	-0.138785
0.596667	0.138646	0.140783	-0.136762
0.5975	0.137874	0.140121	-0.122753
0.598333	0.137147	0.139462	-0.0984233
0.599167	0.136791	0.138806	-0.0655726
0.6	0.135499	0.138154	-0.0272902
0.600833	0.135547	0.137504	0.0128031
0.601667	0.134518	0.136858	0.0516278
0.6025	0.134146	0.136214	0.0855631
0.603333	0.133514	0.135574	0.111571
0.604167	0.132592	0.134936	0.127867
0.605	0.132352	0.134302	0.132794
0.605833	0.131123	0.133671	0.126005
0.606667	0.130982	0.133042	0.108562
0.6075	0.130257	0.132417	0.0816981
0.608333	0.129564	0.131794	0.047919
0.609167	0.12924	0.131174	0.0105232
0.61	0.128007	0.130558	-0.0276117
0.610833	0.128072	0.129944	-0.0629901
0.611667	0.127128	0.129333	-0.0923409
0.6125	0.126758	0.128725	-0.113581
0.613333	0.126189	0.128119	-0.124693
0.614167	0.1253	0.127517	-0.124667
0.615	0.1251	0.126917	-0.114008
0.615833	0.123909	0.126321	-0.0934412
0.616667	0.123866	0.125727	-0.0647864
0.6175	0.123052	0.125136	-0.0309855
0.618333	0.122492	0.124547	0.00531896
0.619167	0.122053	0.123962	0.0409347
0.62	0.120984	0.123379	0.0724336
0.620833	0.120918	0.122799	0.0974895
0.621667	0.119958	0.122221	0.113909
0.6225	0.119651	0.121647	0.12005
0.623333	0.119232	0.121075	0.115868
0.624167	0.118353	0.120506	0.101696
0.625	0.118224	0.119939	0.0786072
0.625833	0.117156	0.119375	0.0490965
0.626667	0.117079	0.118814	0.0156154
0.6275	0.116358	0.118255	-0.0190951
0.628333	0.1158	0.117699	-0.0516032
0.629167	0.115422	0.117146	-0.0793152
0.63	0.114392	0.116595	-0.100037
0.630833	0.114351	0.116047	-0.111635
0.631667	0.113417	0.115501	-0.113431
0.6325	0.113151	0.114958	-0.105499
0.633333	0.112567	0.114418	-0.0882332
0.634167	0.111827	0.11388	-0.0634898
0.635	0.11159	0.113344	-0.0336026
0.635833	0.110536	0.112811	-0.000841137
0.636667	0.110491	0.112281	0.0316347
0.6375	0.109794	0.111753	0.0609137
0.638333	0.109275	0.111228	0.0848502
0.639167	0.108929	0.110705	0.101119
0.64	0.107945	0.110184	0.108305
0.640833	0.108083	0.109666	0.106234
0.641667	0.107281	0.10915	0.0948753
0.6425	0.106977	0.108637	0.0752418
0.643333	0.106492	0.108126	0.0494815
0.644167	0.105751	0.107618	0.0195942
0.645	0.105578	0.107112	-0.0118406
0.645833	0.104564	0.106608	-0.0417137
0.646667	0.104542	0.106107	-0.0677373
0.6475	0.103844	0.105608	-0.0877468
0.648333	0.103388	0.105112	-0.0996983
0.649167	0.103005	0.104618	-0.102918
0.65	0.102121	0.104126	-0.0972814
0.650833	0.102049	0.103636	-0.0830011
0.651667	0.101215	0.103149	-0.0616799
0.6525	0.100981	0.102664	-0.0353292
0.653333	0.10047	0.102181	-0.00592407
0.654167	0.099806	0.101701	0.0236852
0.655	0.0996126	0.101223	0.0508087
0.655833	0.0987067	0.100747	0.073479
0.656667	0.0986472	0.100273	0.0895242
0.6575	0.0980586	0.0998015	0.0974722
0.658333	0.0976583	0.0993322	0.0970799
0.659167	0.0974083	0.0988652	0.088247
0.66	0.0964918	0.0984003	0.0716515
0.660833	0.0965319	0.0979377	0.0491834
0.661667	0.0958047	0.0974772	0.0226752
0.6625	0.0955457	0.0970189	-0.0057341
0.663333	0.0951021	0.0965627	-0.0331855
0.664167	0.0944527	0.0961087	-0.0574348
0.665	0.0942879	0.0956569	-0.0766449
0.665833	0.0933718	0.0952071	-0.0888335
0.666667	0.0933655	0.0947595	-0.0930909
0.6675	0.0927327	0.0943139	-0.0894016
0.668333	0.0923385	0.0938705	-0.0778224
0.669167	0.0919863	0.0934291	-0.0594621
0.67	0.0912105	0.0929899	-0.0362962
0.670833	0.0911361	0.0925526	-0.0100774
0.671667	0.0903796	0.0921175	0.016922
0.6725	0.0901856	0.0916844	0.0420041
0.673333	0.0897156	0.0912533	0.0632691
0.674167	0.0891385	0.0908242	0.0790098
0.675	0.0889513	0.0903972	0.0875504
0.675833	0.0881291	0.0899722	0.0884228
0.676667	0.0881092	0.0895492	0.0818004
0.6775	0.0876073	0.0891281	0.0679702
0.678333	0.087159	0.0887091	0.0483388
0.679167	0.0869309	0.088292	0.0249123
0.68	0.0861166	0.0878769	-0.000578069
0.680833	0.0861559	0.0874637	-0.025844
0.681667	0.0855393	0.0870525	-0.0483894
0.6825	0.0852847	0.0866432	-0.0665822
0.683333	0.0849265	0.0862358	-0.0789225
0.684167	0.08432	0.0858303	-0.0840527
0.685	0.0842144	0.0854268	-0.0818352
0.685833	0.0834361	0.0850251	-0.07267
0.686667	0.0834059	0.0846253	-0.0570653
0.6875	0.0828764	0.0842275	-0.0365948
0.688333	0.0825035	0.0838314	-0.013312
0.689167	0.0822191	0.0834373	0.0110705
0.69	0.0815103	0.083045	0.0343703
0.690833	0.0814671	0.0826545	0.0542719
0.691667	0.0807788	0.0822659	0.0693667
0.6925	0.0806233	0.0818791	0.0784507
0.693333	0.0801814	0.0814942	0.0804487
0.694167	0.0797096	0.081111	0.0754614
0.695	0.0795119	0.0807296	0.0641654
0.695833	0.0787206	0.0803501	0.0472571
0.696667	0.078732	0.0799723	0.0263558
0.6975	0.0781902	0.0795963	0.00358958
0.698333	0.0778665	0.079222	-0.0193484
0.699167	0.0775711	0.0788495	-0.0404953
0.7	0.0769183	0.0784788	-0.057696
0.700833	0.0768657	0.0781098	-0.0697098
0.701667	0.0762677	0.0777426	-0.0757045
0.7025	0.0760766	0.077377	-0.0748723
0.703333	0.0757218	0.0770132	-0.0674439
0.704167	0.0752065	0.0766511	-0.0543997
0.705	0.0750904	0.0762907	-0.0366311
0.705833	0.0744339	0.075932	-0.0156773
0.706667	0.0743757	0.075575	0.00627458
0.7075	0.0739524	0.0752197	0.0274985
0.708333	0.0735801	0.074866	0.0463467
0.709167	0.0733852	0.074514	0.0608691
0.71	0.0727059	0.0741637	0.0698911
0.710833	0.0727344	0.073815	0.0729768
0.711667	0.0721844	0.0734679	0.0696536
0.7125	0.0719623	0.0731225	0.0601594
0.713333	0.0716723	0.0727787	0.0457172
0.714167	0.0711503	0.0724365	0.0275047
0.715	0.0710775	0.0720959	0.00689211
0.715833	0.070449	0.071757	-0.014005
0.716667	0.0704022	0.0714196	-0.033322
0.7175	0.0699857	0.0710838	-0.0497211
0.718333	0.0696487	0.0707496	-0.0616223
0.719167	0.0694404	0.0704169	-0.0678269
0.72	0.0688194	0.0700858	-0.068167
0.720833	0.0688153	0.0697563	-0.0626603
0.721667	0.0682545	0.0694283	-0.0515285
0.7225	0.0681128	0.0691019	-0.0360077
0.723333	0.0677561	0.068777	-0.0176608
0.724167	0.0673351	0.0684536	0.00221469
0.725	0.0671797	0.0681318	0.0218346
0.725833	0.0664948	0.0678114	0.0391952
0.726667	0.0665274	0.0674926	0.0530389
0.7275	0.0660471	0.0671753	0.0623454
0.728333	0.0658017	0.0668594	0.066021
0.729167	0.065646	0.0665451	0.0638535
0.73	0.0650817	0.0662322	0.0563787
0.730833	0.0650507	0.0659208	0.0440625
0.731667	0.0644956	0.0656109	0.0278748
0.7325	0.0643827	0.0653024	0.00958556
0.733333	0.0640227	0.0649953	-0.00924368
0.734167	0.0636443	0.0646897	-0.0272632
0.735	0.0634767	0.0643856	-0.0426872
0.735833	0.0628377	0.0640829	-0.0540382
0.736667	0.0628595	0.0637816	-0.0606858
0.7375	0.0623999	0.0634817	-0.0620688
0.738333	0.0621734	0.0631832	-0.0578136
0.739167	0.0619069	0.0628861	-0.0485451
0.74	0.0614207	0.0625905	-0.035304
0.740833	0.0613444	0.0622962	-0.0189727
0.741667	0.0608258	0.0620033	-0.000987752
0.7425	0.0607144	0.0617118	0.0167563
0.743333	0.0603881	0.0614216	0.0328779
0.744167	0.0600192	0.0611328	0.0462153
0.745	0.059882	0.0608454	0.0553512
0.745833	0.0593258	0.0605593	0.0594582
0.746667	0.0594604	0.0602746	0.0585476
0.7475	0.0590214	0.0599912	0.0526473
0.748333	0.0588133	0.0597091	0.0420493
0.749167	0.0585547	0.0594284	0.0279593
0.75	0.058103	0.059149	0.0117805
0.750833	0.0580221	0.0588709	-0.00537212
0.751667	0.0575106	0.0585941	-0.0219814
0.7525	0.0574254	0.0583186	-0.0363027
0.753333	0.0570939	0.0580444	-0.047279
0.754167	0.0567667	0.0577715	-0.0542072
0.755	0.0566124	0.0574998	-0.0562471
0.755833	0.0560592	0.0572295	-0.0531809
0.756667	0.0560679	0.0569604	-0.04564
0.7575	0.0556924	0.0566926	-0.034258
0.758333	0.0554623	0.056426	-0.019776
0.759167	0.0552617	0.0561607	-0.00368172
0.76	0.0547976	0.0558967	0.0124163
0.760833	0.0547688	0.0556339	0.0274036
0.761667	0.054357	0.0553723	0.0400494
0.7625	0.0542155	0.055112	0.0489614
0.763333	0.0539738	0.0548528	0.0534763
0.764167	0.0537809	0.0545949	0.0535223
0.765	0.0536307	0.0543382	0.0489394
0.765833	0.0531033	0.0540828	0.0399764
0.766667	0.0531132	0.0538285	0.0277348
0.7675	0.0527104	0.0535754	0.0133865
0.768333	0.0525375	0.0533235	-0.00211123
0.769167	0.0522967	0.0530728	-0.0173465
0.77	0.0519055	0.0528232	-0.0307067
0.770833	0.0518239	0.0525749	-0.0412151
0.771667	0.0513631	0.0523277	-0.0482064
0.7725	0.051294	0.0520816	-0.0508502
0.773333	0.0509937	0.0518368	-0.0488344
0.774167	0.0507086	0.0515931	-0.0426797
0.775	0.0505663	0.0513505	-0.0329701
0.775833	0.0500709	0.051109	-0.0202794
0.776667	0.0500824	0.0508687	-0.00584236
0.7775	0.049745	0.0506296	0.00880141
0.778333	0.0495439	0.0503915	0.0225733
0.779167	0.0493617	0.0501546	0.03448
0.78	0.0489524	0.0499188	0.0432377
0.780833	0.0489228	0.0496841	0.0480084
0.781667	0.0485534	0.0494505	0.0487152
0.7825	0.0486261	0.049218	0.0453406
0.783333	0.0483897	0.0489866	0.0379151
0.784167	0.0480774	0.0487562	0.0272145
0.785	0.0479857	0.048527	0.0144733
0.785833	0.0475015	0.0482988	0.000643155
0.786667	0.047528	0.0480717	-0.0132798
0.7875	0.0471887	0.0478457	-0.0258416
0.788333	0.0470183	0.0476208	-0.0358161
0.789167	0.0468215	0.0473969	-0.0426433
0.79	0.0464582	0.047174	-0.0458231
0.790833	0.0464016	0.0469522	-0.0448122
0.791667	0.0459753	0.0467315	-0.0397566
0.7925	0.0459304	0.0465117	-0.0314297
0.793333	0.045645	0.0462931	-0.0204901
0.794167	0.0454094	0.0460754	-0.00764463
0.795	0.0452627	0.0458588	0.00580569
0.795833	0.0448403	0.0456431	0.0184568
0.796667	0.0448299	0.0454285	0.0294362
0.7975	0.04448	0.045215	0.037979
0.798333	0.044348	0.0450024	0.043104
0.799167	0.0441352	0.0447908	0.0442823
0.8	0.0437284	0.0445802	0.0417351
0.800833	0.0437141	0.0443706	0.0357716
0.801667	0.0433985	0.044162	0.0266463
0.8025	0.0432735	0.0439543	0.015192
0.803333	0.0430915	0.0437477	0.00272185
0.804167	0.0427859	0.043542	-0.0097359
0.805	0.0427353	0.0433372	-0.0213785
0.805833	0.0423789	0.0431335	-0.031082
0.806667	0.0423313	0.0429307	-0.037761
0.8075	0.0421051	0.0427288	-0.0410261
0.808333	0.0418808	0.0425279	-0.0408566
0.809167	0.0417828	0.042328	-0.037099
0.81	0.0413853	0.042129	-0.0299148
0.810833	0.0414133	0.0419309	-0.0201918
0.811667	0.0411276	0.0417337	-0.00896529
0.8125	0.0409979	0.0415375	0.00302688
0.813333	0.0408373	0.0413422	0.0148648
0.814167	0.040538	0.0411478	0.0252502
0.815	0.0405005	0.0409544	0.0331961
0.815833	0.0401418	0.0407618	0.0383145
0.816667	0.0401185	0.0405702	0.0402522
0.8175	0.0399291	0.0403794	0.0385838
0.818333	0.0397515	0.0401896	0.033452
0.819167	0.0396217	0.0400006	0.0256261
0.82	0.0392803	0.0398125	0.0158227
0.820833	0.0392697	0.0396253	0.0046235
0.821667	0.0389339	0.039439	-0.00697139
0.8225	0.0388745	0.0392536	-0.0176607
0.823333	0.038658	0.039069	-0.0265542
0.824167	0.0384374	0.0388853	-0.0331811
0.825	0.0383381	0.0387025	-0.0369389
0.825833	0.0379596	0.0385205	-0.0372445
0.826667	0.0379756	0.0383394	-0.034163
0.8275	0.0376808	0.0381592	-0.0282749
0.828333	0.0375717	0.0379798	-0.0200511
0.829167	0.0373921	0.0378012	-0.00995133
0.83	0.0371277	0.0376235	0.00105504
0.830833	0.0370614	0.0374466	0.0117252
0.831667	0.0367025	0.0372705	0.0212088
0.8325	0.0366898	0.0370953	0.0289675
0.833333	0.036444	0.0369208	0.0342691
0.834167	0.0362786	0.0367473	0.0363995
0.835	0.0362482	0.0365745	0.035272
0.835833	0.0359109	0.0364025	0.0312921
0.836667	0.0359071	0.0362314	0.0247729
0.8375	0.0356129	0.036061	0.0160272
0.838333	0.0355268	0.0358915	0.00588579
0.839167	0.0353421	0.0357227	-0.00447555
0.84	0.0351085	0.0355547	-0.0141868
0.840833	0.0350314	0.0353876	-0.0226905
0.841667	0.0346829	0.0352212	-0.0292429
0.8425	0.0346822	0.0350556	-0.0330104
0.843333	0.0344406	0.0348908	-0.0336843
0.844167	0.0342954	0.0347267	-0.0315158
0.845	0.034159	0.0345634	-0.0267529
0.845833	0.0338723	0.0344009	-0.0195578
0.846667	0.0338393	0.0342392	-0.0105182
0.8475	0.0335556	0.0340782	-0.000707708
0.848333	0.0334826	0.033918	0.00892059
0.849167	0.0333015	0.0337585	0.017788
0.85	0.03309	0.0335998	0.0252553
0.850833	0.0330098	0.0334418	0.0304463
0.851667	0.0326968	0.0332846	0.0327716
0.8525	0.0329005	0.0331281	0.0322717
0.853333	0.0327018	0.0329723	0.0292086
0.854167	0.0325326	0.0328173	0.023689
0.855	0.0324349	0.032663	0.015994
0.855833	0.0321303	0.0325094	0.00695854
0.856667	0.0321317	0.0323566	-0.00237036
0.8575	0.0318682	0.0322044	-0.0112762
0.858333	0.0317935	0.032053	-0.0192543
0.859167	0.0316287	0.0319023	-0.0255751
0.86	0.0314213	0.0317523	-0.0294291
0.860833	0.0313536	0.031603	-0.0304896
0.861667	0.0310356	0.0314544	-0.0289616
0.8625	0.0310438	0.0313065	-0.0250787
0.863333	0.030822	0.0311594	-0.0189487
0.864167	0.0307004	0.0310129	-0.0109892
0.865	0.0305733	0.030867	-0.00212806
0.865833	0.0303245	0.0307219	0.00666344
0.866667	0.0302905	0.0305775	0.014788
0.8675	0.0300233	0.0304337	0.021781
0.868333	0.0299745	0.0302906	0.0269429
0.869167	0.0297994	0.0301482	0.0295778
0.87	0.0295368	0.0300064	0.0295054
0.870833	0.0295802	0.0298654	0.0270283
0.871667	0.0294021	0.0297249	0.0224416
0.8725	0.0292773	0.0295852	0.0159118
0.873333	0.0291886	0.0294461	0.00788908
0.874167	0.0289428	0.0293076	-0.000706889
0.875	0.028942	0.0291698	-0.00891807
0.875833	0.0287155	0.0290327	-0.0161714
0.876667	0.0286633	0.0288962	-0.0220963
0.8775	0.0285256	0.0287603	-0.0261406
0.878333	0.0283535	0.0286251	-0.027702
0.879167	0.028303	0.0284905	-0.0266186
0.88	0.0280242	0.0283565	-0.0232587
0.880833	0.0280485	0.0282232	-0.01808
0.881667	0.0278577	0.0280905	-0.0113579
0.8825	0.0277632	0.0279585	-0.0034723
0.883333	0.0276587	0.027827	0.00477575
0.884167	0.0274479	0.0276962	0.0124041
0.885	0.0274284	0.0275659	0.0187493
0.885833	0.0271824	0.0274363	0.0235295
0.886667	0.0271674	0.0273073	0.0264598
0.8875	0.0270069	0.0271789	0.0270969
0.888333	0.0269124	0.0270512	0.0251988
0.889167	0.0267479	0.026924	0.0210657
0.89	0.0266036	0.0267974	0.0153368
0.890833	0.0265224	0.0266714	0.00853587
0.891667	0.0262666	0.026546	0.00101231
0.8925	0.0262673	0.0264212	-0.00670472
0.893333	0.0260578	0.0262969	-0.0137552
0.894167	0.0259836	0.0261733	-0.019307
0.895	0.0258548	0.0260502	-0.0229634
0.895833	0.025672	0.0259278	-0.0246854
0.896667	0.0256228	0.0258059	-0.0244053
0.8975	0.025376	0.0256845	-0.0219403
0.898333	0.0253626	0.0255638	-0.0173401
0.899167	0.0251938	0.0254436	-0.0111499
0.9	0.025075	0.0253239	-0.00417667
0.900833	0.0249832	0.0252049	0.0029479
0.901667	0.024761	0.0250864	0.0098447
0.9025	0.0247449	0.0249684	0.0160726
0.903333	0.0245436	0.024851	0.0209461
0.904167	0.0244798	0.0247342	0.023809
0.905	0.0243528	0.0246179	0.0244339
0.905833	0.0242493	0.0245021	0.023033
0.906667	0.0241835	0.0243869	0.0198954
0.9075	0.0239387	0.0242723	0.0151582
0.908333	0.0239431	0.0241582	0.00900544
0.909167	0.0237709	0.0240446	0.00198184
0.91	0.023677	0.0239315	-0.00505339
0.910833	0.0235764	0.023819	-0.0113271
0.911667	0.0233859	0.023707	-0.0164327
0.9125	0.0233559	0.0235955	-0.0201856
0.913333	0.0231573	0.0234846	-0.0223096
0.914167	0.0231102	0.0233742	-0.0224133
0.915	0.0229806	0.0232643	-0.0203151
0.915833	0.0228399	0.0231549	-0.0163045
0.916667	0.0227785	0.023046	-0.0110006
0.9175	0.0225586	0.0229377	-0.00497278
0.918333	0.0225517	0.0228298	0.00142861
0.919167	0.0223984	0.0227225	0.00787151
0.92	0.0223009	0.0226157	0.0137851
0.920833	0.0222133	0.0225093	0.0184249
0.921667	0.0220268	0.0224035	0.0212302
0.9225	0.022004	0.0222982	0.0220773
0.923333	0.022271	0.0221933	0.0211597
0.924167	0.022167	0.022089	0.0186669
0.925	0.0220964	0.0219851	0.0146572
0.925833	0.0218948	0.0218817	0.00926217
0.926667	0.021896	0.0217789	0.00294798
0.9275	0.0217073	0.0216765	-0.00351001
0.928333	0.0216707	0.0215745	-0.00935203
0.929167	0.0215533	0.0214731	-0.0141267
0.93	0.0214211	0.0213721	-0.0176675
0.930833	0.0213741	0.0212717	-0.0198313
0.931667	0.021148	0.0211716	-0.0203385
0.9325	0.0211702	0.0210721	-0.0189167
0.933333	0.0210095	0.020973	-0.0155964
0.934167	0.0209424	0.0208744	-0.0108275
0.935	0.0208503	0.0207763	-0.0052781
0.935833	0.0206914	0.0206786	0.000485741
0.936667	0.0206669	0.0205814	0.00612895
0.9375	0.0204665	0.0204846	0.0113929
0.938333	0.02046	0.0203883	0.0158724
0.939167	0.0203263	0.0202924	0.0190017
0.94	0.0202301	0.020197	0.0202975
0.940833	0.0196506	0.020102	0.0196307
0.941667	0.019498	0.0200075	0.0172673
0.9425	0.0194694	0.0199135	0.0136483
0.943333	0.0193197	0.0198198	0.0091297
0.944167	0.0192685	0.0197266	0.00392451
0.945	0.0191711	0.0196339	-0.00172712
0.945833	0.0190484	0.0195416	-0.0073654
0.946667	0.0190027	0.0194497	-0.0123195
0.9475	0.0188407	0.0193583	-0.0159418
0.948333	0.018815	0.0192672	-0.0178754
0.949167	0.0187038	0.0191766	-0.0181318
0.95	0.0186085	0.0190865	-0.0169328
0.950833	0.0185474	0.0189967	-0.0144795
0.951667	0.0183838	0.0189074	-0.0108609
0.9525	0.0183722	0.0188185	-0.00617144
0.953333	0.0182485	0.01873	-0.000709173
0.954167	0.0181786	0.018642	0.00494758
0.955	0.0181036	0.0185543	0.0100782
0.955833	0.0179671	0.0184671	0.0140797
0.956667	0.0179401	0.0183803	0.0166544
0.9575	0.0178049	0.0182939	0.0177975
0.958333	0.0177521	0.0182078	0.0176226
0.959167	0.0175919	0.0181222	0.0161872
0.96	0.0175801	0.018037	0.0134657
0.960833	0.0174516	0.0179522	0.0094841
0.961667	0.0173903	0.0178678	0.004494
0.9625	0.0173099	0.0177838	-0.00096968
0.963333	0.0171832	0.0177002	-0.00621019
0.964167	0.0171506	0.017617	-0.0105971
0.965	0.0170067	0.0175341	-0.0137521
0.965833	0.016974	0.0174517	-0.0155813
0.966667	0.0168765	0.0173696	-0.0161552
0.9675	0.0169034	0.017288	-0.0155448
0.968333	0.0168523	0.0172067	-0.0137396
0.969167	0.016682	0.0171258	-0.0107032
0.97	0.0166913	0.0170453	-0.00651933
0.970833	0.0165472	0.0169651	-0.00151279
0.971667	0.0165091	0.0168854	0.00375006
0.9725	0.0164244	0.016806	0.00859613
0.973333	0.0163063	0.016727	0.0124442
0.974167	0.0162803	0.0166483	0.0149587
0.975	0.0161063	0.01657	0.0160815
0.975833	0.0163335	0.0164921	0.0159436
0.976667	0.0167661	0.0164146	0.0147226
0.9775	0.016664	0.0163374	0.0125405
0.978333	0.0166364	0.0162606	0.00945538
0.979167	0.0164744	0.0161841	0.00554407
0.98	0.0164873	0.016108	0.00101243
0.980833	0.0163803	0.0160323	-0.00374184
0.981667	0.0163223	0.0159569	-0.00816166
0.9825	0.0162722	0.0158819	-0.0116523
0.983333	0.0161563	0.0158072	-0.0137401
0.984167	0.016177	0.0157329	-0.0141985
0.985	0.0160872	0.0156589	-0.0130895
0.985833	0.0161849	0.0155853	-0.0107109
0.986667	0.0162468	0.015512	-0.00748114
0.9875	0.0164662	0.0154391	-0.003814
0.988333	0.01673	0.0153665	-3.53757e-05
0.989167	0.0170167	0.0152943	0.00363472
0.99	0.0172712	0.0152224	0.00704244
0.990833	0.0172055	0.0151508	0.0100356
0.991667	0.0167029	0.0150795	0.0124139
0.9925	0.0158325	0.0150086	0.0139234
0.993333	0.0146248	0.0149381	0.0143005
0.994167	0.0133064	0.0148678	0.0133508
0.995	0.012822	0.0147979	0.011031
0.995833	0.0134039	0.0147284	0.0075026
0.996667	0.014366	0.0146591	0.00313504
0.9975	0.015622	0.0145902	-0.00154462
0.998333	0.016411	0.0145216	-0.00594358
0.999167	0	0.0144533	0
