0	0.999927	1	-0.161085
0.000555556	1.01022	1	0.00528853
0.00111111	1.00929	1	0.200459
0.00166667	1.00838	1	0.387776
0.00222222	1.00352	1	0.559964
0.00277778	1.00285	1	0.710306
0.00333333	0.999076	1	0.832963
0.00388889	0.997197	1	0.923158
0.00444444	0.996032	1	0.977378
0.005	0.994687	1	0.993517
0.00555556	0.996889	1	0.970947
0.00611111	0.996444	1	0.910539
0.00666667	1.00132	1	0.814659
0.00722222	1.00322	1	0.68702
0.00777778	1.00644	1	0.532606
0.00833333	1.00914	1	0.357416
0.00888889	1.00861	1	0.168273
0.00944444	1.0109	1	-0.0274659
0.01	1.00894	1	-0.222174
0.0105556	1.00739	1	-0.408292
0.0111111	1.00528	1	-0.578549
0.0116667	1.00054	1	-0.726353
0.0122222	0.999725	1	-0.845914
0.0127778	0.995972	1	-0.932616
0.0133333	0.99595	1	-0.983051
0.0138889	0.995289	1	-0.995289
0.0144444	0.996176	1	-0.968816
0.015	0.998852	1	-0.90471
0.0155556	0.999757	1	-0.805405
0.0161111	1.00464	1	-0.674838
0.0166667	1.00597	1	-0.518009
0.0172222	1.00908	1	-0.341108
0.0177778	1.01043	1	-0.150931
0.0183333	1.00907	1	0.045031
0.0188889	1.00985	1	0.239247
0.0194444	1.00658	1	0.424053
0.02	1.00474	1	0.592376
0.0205556	1.00192	1	0.737532
0.0211111	0.998048	1	0.85402
0.0216667	0.997288	1	0.937146
0.0222222	0.993899	1	0.983845
0.0227778	0.995955	1	0.992122
0.0233333	0.995982	1	0.96184
0.0238889	0.998737	1	0.893984
0.0244444	1.00151	1	0.791401
0.025	1.00342	1	0.657861
0.0255556	1.0075	1	0.498802
0.0261111	1.0078	1	0.320153
0.0266667	1.01039	1	0.129147
0.0272222	1.01032	1	-0.0670765
0.0277778	1.00818	1	-0.260577
0.0283333	1.00758	1	-0.444137
0.0288889	1.00306	1	-0.61029
0.0294444	1.00159	1	-0.752904
0.03	0.998447	1	-0.866077
0.0305556	0.996094	1	-0.94578
0.0311111	0.995851	1	-0.988511
0.0316667	0.994262	1	-0.993026
0.0322222	0.997288	1	-0.958718
0.0327778	0.997662	1	-0.88736
0.0333333	1.00188	1	-0.781288
0.0338889	1.00448	1	-0.645075
0.0344444	1.00669	1	-0.483567
0.035	1.00981	1	-0.303522
0.0355556	1.00872	1	-0.111452
0.0361111	1.01049	1	0.0846542
0.0366667	1.00878	1	0.27769
0.0372222	1.00605	1	0.459615
0.0377778	1.00448	1	0.623872
0.0383333	0.999452	1	0.763554
0.0388889	0.998887	1	0.873736
0.0394444	0.995886	1	0.949616
0.04	0.995444	1	0.988762
0.0405556	0.995641	1	0.989123
0.0411111	0.99606	1	0.951215
0.0416667	0.999521	1	0.875989
0.0422222	1.00032	1	0.766881
0.0427778	1.0053	1	0.627653
0.0433333	1.00706	1	0.464183
0.0438889	1.00908	1	0.282393
0.0444444	1.01061	1	0.0897833
0.045	1.00839	1	-0.106562
0.0455556	1.00902	1	-0.298606
0.0461111	1.00614	1	-0.479248
0.0466667	1.00335	1	-0.641115
0.0472222	1.00115	1	-0.778213
0.0477778	0.996693	1	-0.884942
0.0483333	0.996681	1	-0.957369
0.0488889	0.994073	1	-0.992499
0.0494444	0.995972	1	-0.989099
0.05	0.996924	1	-0.947207
0.0505556	0.999141	1	-0.868507
0.0511111	1.00255	1	-0.756051
0.0516667	1.0036	1	-0.614179
0.0522222	1.00807	1	-0.4485
0.0527778	1.0088	1	-0.265319
0.0533333	1.01011	1	-0.0719666
0.0538889	1.01036	1	0.124296
0.0544444	1.00708	1	0.315507
0.055	1.00673	1	0.494604
0.0555556	1.00263	1	0.65419
0.0561111	1.00033	1	0.788523
0.0566667	0.997952	1	0.891866
0.0572222	0.995101	1	0.960752
0.0577778	0.995837	1	0.991894
0.0583333	0.994282	1	0.984741
0.0588889	0.997759	1	0.938857
0.0594444	0.998819	1	0.856787
0.06	1.00241	1	0.740934
0.0605556	1.00538	1	0.596619
0.0611111	1.0066	1	0.428633
0.0616667	1.01007	1	0.244347
0.0622222	1.0094	1	0.0500915
0.0627778	1.00993	1	-0.145721
0.0633333	1.00848	1	-0.336332
0.0638889	1.00469	1	-0.513459
0.0644444	1.0034	1	-0.671065
0.065	0.9989	1	-0.802179
0.0655556	0.997766	1	-0.902505
0.0661111	0.995768	1	-0.967373
0.0666667	0.994974	1	-0.994974
0.0672222	0.996087	1	-0.983574
0.0677778	0.996063	1	-0.934216
0.0683333	1.00025	1	-0.848286
0.0688889	1.00159	1	-0.729597
0.0694444	1.00585	1	-0.582367
0.07	1.00817	1	-0.412653
0.0705556	1.00897	1	-0.226814
0.0711111	1.01078	1	-0.032237
0.0716667	1.00835	1	0.163558
0.0722222	1.0081	1	0.353009
0.0727778	1.00559	1	0.528574
0.0733333	1.00183	1	0.683695
0.0738889	1.00041	1	0.811965
0.0744444	0.996126	1	0.908849
0.075	0.996297	1	0.970038
0.0755556	0.994491	1	0.993772
0.0761111	0.995848	1	0.978419
0.0766667	0.997507	1	0.925373
0.0772222	0.999202	1	0.835819
0.0777778	1.00347	1	0.714195
0.0783333	1.00457	1	0.564222
0.0788889	1.0087	1	0.392793
0.0794444	1.00952	1	0.205495
0.08	1.00963	1	0.0107153
0.0805556	1.00984	1	-0.185064
0.0811111	1.00636	1	-0.373138
0.0816667	1.00553	1	-0.547248
0.0822222	1.00223	1	-0.699591
0.0827778	0.999218	1	-0.825224
0.0833333	0.997579	1	-0.918324
0.0838889	0.994344	1	-0.976134
0.0844444	0.995623	1	-0.995623
0.085	0.994805	1	-0.976709
0.0855556	0.998138	1	-0.919574
0.0861111	1.00024	1	-0.82686
0.0866667	1.00307	1	-0.701899
0.0872222	1.00652	1	-0.549688
0.0877778	1.00712	1	-0.376156
0.0883333	1.01014	1	-0.187914
0.0888889	1.0097	1	0.00743455
0.0894444	1.00891	1	0.202701
0.09	1.00809	1	0.389734
0.0905556	1.00381	1	0.561943
0.0911111	1.00264	1	0.711807
0.0916667	0.998561	1	0.834437
0.0922222	0.996867	1	0.924005
0.0927778	0.99548	1	0.978175
0.0933333	0.994296	1	0.993618
0.0938889	0.996535	1	0.971
0.0944444	0.996829	1	0.909913
0.095	1.00121	1	0.81402
0.0955556	1.00292	1	0.685791
0.0961111	1.00633	1	0.531438
0.0966667	1.00869	1	0.355802
0.0972222	1.00844	1	0.166813
0.0977778	1.01045	1	-0.0291787
0.0983333	1.00862	1	-0.223653
0.0988889	1.0072	1	-0.409797
0.0994444	1.00511	1	-0.579772
0.1	1.00053	1	-0.727377
0.100556	0.999435	1	-0.846645
0.101111	0.995362	1	-0.93296
0.101667	0.995509	1	-0.983136
0.102222	0.994852	1	-0.994852
0.102778	0.996092	1	-0.968205
0.103333	0.998681	1	-0.903508
0.103889	0.999764	1	-0.804159
0.104444	1.00427	1	-0.673002
0.105	1.00538	1	-0.516292
0.105556	1.00865	1	-0.338864
0.106111	1.0101	1	-0.148982
0.106667	1.00886	1	0.047395
0.107222	1.00973	1	0.241156
0.107778	1.00623	1	0.426227
0.108333	1.00457	1	0.593979
0.108889	1.0014	1	0.739233
0.109444	0.997709	1	0.855099
0.11	0.996836	1	0.938163
0.110556	0.993969	1	0.984264
0.111111	0.995763	1	0.992349
0.111667	0.99579	1	0.961565
0.112222	0.99871	1	0.893434
0.112778	1.00124	1	0.790506
0.113333	1.00334	1	0.656661
0.113889	1.00711	1	0.497465
0.114444	1.00746	1	0.318524
0.115	1.01008	1	0.127619
0.115556	1.01007	1	-0.0688519
0.116111	1.00806	1	-0.26202
0.116667	1.00746	1	-0.445748
0.117222	1.00283	1	-0.611388
0.117778	1.00139	1	-0.754064
0.118333	0.997959	1	-0.866624
0.118889	0.995784	1	-0.946273
0.119444	0.995445	1	-0.988383
0.12	0.994221	1	-0.992745
0.120556	0.997247	1	-0.957894
0.121111	0.997643	1	-0.886315
0.121667	1.00174	1	-0.77986
0.122222	1.00395	1	-0.643384
0.122778	1.00633	1	-0.481732
0.123333	1.0094	1	-0.301393
0.123889	1.00879	1	-0.109474
0.124444	1.01043	1	0.0869387
0.125	1.00868	1	0.27953
0.125556	1.00613	1	0.461747
0.126111	1.00414	1	0.625315
0.126667	0.999593	1	0.765255
0.127222	0.998359	1	0.874574
0.127778	0.995482	1	0.950675
0.128333	0.995166	1	0.988884
0.128889	0.995621	1	0.989425
0.129444	0.996182	1	0.950619
0.13	0.999515	1	0.875534
0.130556	1.00045	1	0.765681
0.131111	1.00499	1	0.626556
0.131667	1.00651	1	0.462583
0.132222	1.00867	1	0.280867
0.132778	1.01039	1	0.0880551
0.133333	1.00888	1	-0.108247
0.133889	1.0091	1	-0.300166
0.134444	1.00593	1	-0.480802
0.135	1.00334	1	-0.642234
0.135556	1.00069	1	-0.779364
0.136111	0.996485	1	-0.88542
0.136667	0.99626	1	-0.957906
0.137222	0.993916	1	-0.992236
0.137778	0.995993	1	-0.988905
0.138333	0.996725	1	-0.946213
0.138889	0.999132	1	-0.867585
0.139444	1.00221	1	-0.754445
0.14	1.00365	1	-0.612647
0.140556	1.00774	1	-0.446497
0.141111	1.0085	1	-0.263387
0.141667	1.00993	1	-0.0698412
0.142222	1.01025	1	0.126355
0.142778	1.00738	1	0.317455
0.143333	1.00665	1	0.496504
0.143889	1.00226	1	0.655687
0.144444	1.00016	1	0.789995
0.145	0.997517	1	0.89272
0.145556	0.994829	1	0.961582
0.146111	0.995508	1	0.992019
0.146667	0.994594	1	0.98481
0.147222	0.997722	1	0.938275
0.147778	0.998779	1	0.856099
0.148333	1.00256	1	0.739776
0.148889	1.0052	1	0.595291
0.149444	1.00662	1	0.427118
0.15	1.00965	1	0.242595
0.150556	1.00895	1	0.0484975
0.151111	1.00959	1	-0.147619
0.151667	1.00842	1	-0.337718
0.152222	1.00475	1	-0.515199
0.152778	1.00353	1	-0.671991
0.153333	0.998728	1	-0.803478
0.153889	0.997652	1	-0.902795
0.154444	0.995171	1	-0.968012
0.155	0.994553	1	-0.994553
0.155556	0.996091	1	-0.983434
0.156111	0.996249	1	-0.933125
0.156667	1.00048	1	-0.847362
0.157222	1.0017	1	-0.727982
0.157778	1.00578	1	-0.580774
0.158333	1.00758	1	-0.410744
0.158889	1.00856	1	-0.224771
0.159444	1.01038	1	-0.0303064
0.16	1.00832	1	0.165761
0.160556	1.00817	1	0.354688
0.161111	1.00567	1	0.530613
0.161667	1.00208	1	0.684898
0.162222	1.00019	1	0.813538
0.162778	0.996211	1	0.909419
0.163333	0.995853	1	0.970923
0.163889	0.9941	1	0.993641
0.164444	0.995581	1	0.978505
0.165	0.997484	1	0.924581
0.165556	0.999291	1	0.835117
0.166111	1.00358	1	0.712883
0.166667	1.00483	1	0.562866
0.167222	1.00864	1	0.391176
0.167778	1.00914	1	0.203727
0.168333	1.00944	1	0.00904636
0.168889	1.00953	1	-0.186928
0.169444	1.00646	1	-0.374609
0.17	1.00541	1	-0.548866
0.170556	1.00214	1	-0.700655
0.171111	0.999267	1	-0.826289
0.171667	0.997506	1	-0.918831
0.172222	0.994461	1	-0.976431
0.172778	0.9955	1	-0.9955
0.173333	0.994483	1	-0.976156
0.173889	0.997806	1	-0.918831
0.174444	1.00003	1	-0.825518
0.175	1.00296	1	-0.700632
0.175556	1.00666	1	-0.547749
0.176111	1.00752	1	-0.374528
0.176667	1.0103	1	-0.185679
0.177222	1.00932	1	0.00921647
0.177778	1.00875	1	0.204874
0.178333	1.00752	1	0.391448
0.178889	1.00353	1	0.563704
0.179444	1.00237	1	0.71324
0.18	0.998687	1	0.835501
0.180556	0.997114	1	0.92498
0.181111	0.995656	1	0.978375
0.181667	0.994688	1	0.994015
0.182222	0.996297	1	0.970315
0.182778	0.996505	1	0.909689
0.183333	1.00067	1	0.812579
0.183889	1.00258	1	0.684989
0.184444	1.00605	1	0.529493
0.185	1.00891	1	0.354542
0.185556	1.00901	1	0.164702
0.186111	1.01079	1	-0.0307083
0.186667	1.0083	1	-0.225567
0.187222	1.00713	1	-0.411363
0.187778	1.00448	1	-0.581166
0.188333	1.00022	1	-0.728723
0.188889	0.99905	1	-0.8473
0.189444	0.995512	1	-0.933843
0.19	0.995683	1	-0.982963
0.190556	0.995087	1	-0.995087
0.191111	0.996245	1	-0.967253
0.191667	0.99832	1	-0.903007
0.192222	0.999628	1	-0.802592
0.192778	1.00394	1	-0.671803
0.193333	1.00522	1	-0.514352
0.193889	1.00857	1	-0.337134
0.194444	1.01014	1	-0.146946
0.195	1.00906	1	0.0493868
0.195556	1.00979	1	0.243011
0.196111	1.00612	1	0.428154
0.196667	1.00452	1	0.595425
0.197222	1.0011	1	0.740761
0.197778	0.997608	1	0.855981
0.198333	0.996565	1	0.939015
0.198889	0.99393	1	0.98451
0.199444	0.995614	1	0.992362
0.2	0.995741	1	0.961186
0.200556	0.99878	1	0.892597
0.201111	1.00134	1	0.789578
0.201667	1.00361	1	0.655127
0.202222	1.00716	1	0.496114
0.202778	1.00745	1	0.316586
0.203333	1.00988	1	0.12601
0.203889	1.00961	1	-0.07082
0.204444	1.00772	1	-0.263691
0.205	1.0073	1	-0.447369
0.205556	1.00322	1	-0.612907
0.206111	1.00166	1	-0.755033
0.206667	0.998109	1	-0.867777
0.207222	0.996164	1	-0.946414
0.207778	0.99522	1	-0.988979
0.208333	0.993795	1	-0.992045
0.208889	0.996717	1	-0.957792
0.209444	0.997357	1	-0.884922
0.21	1.00181	1	-0.779007
0.210556	1.00441	1	-0.641566
0.211111	1.00692	1	-0.480187
0.211667	1.00961	1	-0.299475
0.212222	1.00907	1	-0.107422
0.212778	1.01007	1	0.0886483
0.213333	1.00799	1	0.281783
0.213889	1.00556	1	0.463017
0.214444	1.00395	1	0.627389
0.215	0.999652	1	0.765954
0.215556	0.998741	1	0.876094
0.216111	0.995691	1	0.950775
0.216667	0.995593	1	0.989556
0.217222	0.995381	1	0.988976
0.217778	0.996222	1	0.950313
0.218333	0.999015	1	0.87463
0.218889	1.00024	1	0.764456
0.219444	1.00469	1	0.625319
0.22	1.00661	1	0.460682
0.220556	1.00883	1	0.279434
0.221111	1.01066	1	0.085853
0.221667	1.00908	1	-0.109725
0.222222	1.00918	1	-0.302247
0.222778	1.00557	1	-0.482153
0.223333	1.0032	1	-0.643816
0.223889	1.00034	1	-0.780402
0.224444	0.996366	1	-0.886248
0.225	0.996125	1	-0.958441
0.225556	0.993945	1	-0.992222
0.226111	0.995961	1	-0.988779
0.226667	0.996819	1	-0.945437
0.227222	0.999365	1	-0.866718
0.227778	1.00241	1	-0.75311
0.228333	1.00385	1	-0.611087
0.228889	1.00775	1	-0.44486
0.229444	1.00803	1	-0.261338
0.23	1.00963	1	-0.0681501
0.230556	1.00982	1	0.128555
0.231111	1.00718	1	0.319006
0.231667	1.00666	1	0.498436
0.232222	1.00258	1	0.656964
0.232778	1.00062	1	0.791266
0.233333	0.997726	1	0.893625
0.233889	0.995308	1	0.961925
0.234444	0.995224	1	0.992468
0.235	0.994037	1	0.984158
0.235556	0.997124	1	0.938191
0.236111	0.99845	1	0.854606
0.236667	1.00225	1	0.739097
0.237222	1.00553	1	0.593292
0.237778	1.00697	1	0.425844
0.238333	1.01027	1	0.240511
0.238889	1.00918	1	0.0467337
0.239444	1.00983	1	-0.149389
0.24	1.00777	1	-0.339737
0.240556	1.00436	1	-0.516374
0.241111	1.00288	1	-0.673915
0.241667	0.998547	1	-0.803943
0.242222	0.997585	1	-0.904224
0.242778	0.995668	1	-0.967812
0.243333	0.995138	1	-0.995138
0.243889	0.996227	1	-0.982712
0.244444	0.996579	1	-0.932677
0.245	1.00019	1	-0.846289
0.245556	1.00134	1	-0.726545
0.246111	1.00542	1	-0.57949
0.246667	1.00743	1	-0.408601
0.247222	1.00847	1	-0.223371
0.247778	1.01057	1	-0.0279095
0.248333	1.00857	1.00002	0.167194
0.248889	1.00838	1.00011	0.35683
0.249444	1.00507	1.00037	0.531796
0.25	0.999954	1	0.685486
0.250556	0.995843	0.997236	0.812257
0.251111	0.99063	0.993848	0.906168
0.251667	0.988722	0.990642	0.965771
0.252222	0.984756	0.987515	0.985996
0.252778	0.981889	0.984414	0.96931
0.253333	0.97966	0.981325	0.913756
0.253889	0.975382	0.978247	0.824019
0.254444	0.974022	0.975178	0.70234
0.255	0.969464	0.972119	0.554101
0.255556	0.967608	0.96907	0.385802
0.256111	0.964053	0.96603	0.202577
0.256667	0.960416	0.962999	0.013887
0.257222	0.95816	0.959978	-0.17559
0.257778	0.953556	0.956967	-0.355746
0.258333	0.952023	0.953965	-0.522104
0.258889	0.948626	0.950972	-0.666445
0.259444	0.945671	0.947989	-0.784311
0.26	0.943634	0.945016	-0.871247
0.260556	0.939344	0.942051	-0.923171
0.261111	0.937917	0.939096	-0.940001
0.261667	0.933425	0.93615	-0.919022
0.262222	0.931485	0.933213	-0.863819
0.262778	0.928181	0.930286	-0.774313
0.263333	0.924449	0.927368	-0.656203
0.263889	0.922664	0.924458	-0.512938
0.264444	0.91827	0.921559	-0.350689
0.265	0.91692	0.918668	-0.176331
0.265556	0.913833	0.915786	0.00458124
0.266111	0.910805	0.912913	0.183059
0.266667	0.908781	0.910049	0.354473
0.267222	0.904418	0.907194	0.509898
0.267778	0.903014	0.904349	0.645425
0.268333	0.898694	0.901512	0.754471
0.268889	0.896672	0.898684	0.833644
0.269444	0.893767	0.895865	0.88024
0.27	0.889973	0.893054	0.891658
0.270556	0.888602	0.890253	0.869332
0.271111	0.884477	0.88746	0.812275
0.271667	0.883103	0.884676	0.725088
0.272222	0.880081	0.881901	0.609391
0.272778	0.877085	0.879135	0.471309
0.273333	0.875002	0.876377	0.31559
0.273889	0.870686	0.873628	0.14834
0.274444	0.869329	0.870887	-0.023046
0.275	0.865378	0.868155	-0.193368
0.275556	0.863251	0.865432	-0.354128
0.276111	0.860757	0.862717	-0.501163
0.276667	0.856917	0.860011	-0.627018
0.277222	0.855834	0.857313	-0.728318
0.277778	0.851872	0.854624	-0.800568
0.278333	0.850457	0.851943	-0.841104
0.278889	0.847452	0.84927	-0.849335
0.279444	0.84452	0.846606	-0.823751
0.28	0.842541	0.84395	-0.767337
0.280556	0.838228	0.841303	-0.680593
0.281111	0.837031	0.838664	-0.568768
0.281667	0.833454	0.836033	-0.435121
0.282222	0.831192	0.83341	-0.285574
0.282778	0.829014	0.830796	-0.126162
0.283333	0.825138	0.82819	0.0376919
0.283889	0.824226	0.825592	0.198221
0.284444	0.820467	0.823002	0.350918
0.285	0.818947	0.82042	0.488156
0.285556	0.816102	0.817846	0.606219
0.286111	0.813088	0.815281	0.699608
0.286667	0.811199	0.812723	0.765251
0.287222	0.807024	0.810174	0.801072
0.287778	0.805907	0.807632	0.804933
0.288333	0.80268	0.805099	0.778293
0.288889	0.800344	0.802573	0.720735
0.289444	0.798418	0.800056	0.63629
0.29	0.794529	0.797546	0.527108
0.290556	0.793743	0.795044	0.398359
0.291111	0.790096	0.79255	0.25503
0.291667	0.788544	0.790064	0.102252
0.292222	0.785799	0.787586	-0.0529033
0.292778	0.782794	0.785115	-0.205848
0.293333	0.781054	0.782652	-0.349094
0.293889	0.777024	0.780197	-0.478555
0.294444	0.775989	0.77775	-0.588274
0.295	0.773058	0.77531	-0.674569
0.295556	0.77067	0.772878	-0.734421
0.296111	0.768926	0.770453	-0.764894
0.296667	0.765128	0.768036	-0.766221
0.297222	0.764337	0.765627	-0.737071
0.297778	0.76096	0.763225	-0.6802
0.298333	0.759292	0.760831	-0.596839
0.298889	0.756789	0.758444	-0.491057
0.299444	0.753726	0.756065	-0.36703
0.3	0.752177	0.753693	-0.229156
0.300556	0.748219	0.751329	-0.0839013
0.301111	0.747237	0.748972	0.0643825
0.301667	0.7445	0.746623	0.208527
0.302222	0.742043	0.744281	0.344165
0.302778	0.740462	0.741946	0.465293
0.303333	0.736784	0.739618	0.567543
0.303889	0.736014	0.737298	0.647409
0.304444	0.732784	0.734985	0.701071
0.305	0.731081	0.73268	0.727823
0.305556	0.728719	0.730381	0.725462
0.306111	0.725662	0.72809	0.695466
0.306667	0.724262	0.725806	0.638322
0.307222	0.720581	0.723529	0.556762
0.307778	0.71951	0.72126	0.454329
0.308333	0.716989	0.718997	0.334387
0.308889	0.714506	0.716742	0.202814
0.309444	0.713064	0.714493	0.0635258
0.31	0.709354	0.712252	-0.0768496
0.310556	0.708721	0.710018	-0.213715
0.311111	0.705649	0.70779	-0.341399
0.311667	0.70391	0.70557	-0.454838
0.312222	0.701701	0.703357	-0.550392
0.312778	0.69865	0.70115	-0.62342
0.313333	0.697397	0.698951	-0.672434
0.313889	0.693963	0.696758	-0.694556
0.314444	0.692867	0.694573	-0.689922
0.315	0.690449	0.692394	-0.658515
0.315556	0.687931	0.690222	-0.601559
0.316111	0.686599	0.688057	-0.522078
0.316667	0.683049	0.685898	-0.422292
0.317222	0.682408	0.683746	-0.307356
0.317778	0.679664	0.681602	-0.180758
0.318333	0.677807	0.679463	-0.0482509
0.318889	0.675868	0.677332	0.0852952
0.319444	0.672766	0.675207	0.214893
0.32	0.671669	0.673089	0.334869
0.320556	0.668367	0.670978	0.441618
0.321111	0.66715	0.668873	0.529973
0.321667	0.664902	0.666775	0.597611
0.322222	0.662374	0.664683	0.641367
0.322778	0.66116	0.662598	0.659905
0.323333	0.657761	0.660519	0.652948
0.323889	0.657087	0.658447	0.620211
0.324444	0.654511	0.656382	0.564117
0.325	0.652623	0.654323	0.485936
0.325556	0.650829	0.65227	0.389734
0.326111	0.647742	0.650224	0.278817
0.326667	0.646764	0.648184	0.15766
0.327222	0.64366	0.646151	0.0314271
0.327778	0.64239	0.644124	-0.0957313
0.328333	0.640292	0.642104	-0.217881
0.328889	0.637761	0.640089	-0.331299
0.329444	0.636654	0.638081	-0.430872
0.33	0.633443	0.63608	-0.513201
0.330556	0.632698	0.634084	-0.575286
0.331111	0.630288	0.632095	-0.614315
0.331667	0.628371	0.630112	-0.629768
0.332222	0.62684	0.628136	-0.620214
0.332778	0.62368	0.626165	-0.587069
0.333333	0.622956	0.624201	-0.531169
0.333889	0.620023	0.622243	-0.455004
0.334444	0.618695	0.620291	-0.361937
0.335	0.616637	0.618345	-0.255018
0.335556	0.614116	0.616406	-0.139387
0.336111	0.612996	0.614472	-0.0186566
0.336667	0.609972	0.612544	0.101711
0.337222	0.609109	0.610623	0.217435
0.337778	0.606971	0.608707	0.324105
0.338333	0.604947	0.606798	0.417161
0.338889	0.603607	0.604894	0.493861
0.339444	0.600464	0.602997	0.550424
0.34	0.599859	0.601105	0.585599
0.340556	0.597116	0.59922	0.597615
0.341111	0.595744	0.59734	0.586288
0.341667	0.593823	0.595466	0.552501
0.342222	0.59131	0.593598	0.49705
0.342778	0.590272	0.591736	0.423079
0.343333	0.587399	0.58988	0.332726
0.343889	0.586483	0.588029	0.230242
0.344444	0.58448	0.586185	0.119401
0.345	0.58244	0.584346	0.00441248
0.345556	0.581227	0.582513	-0.109703
0.346111	0.578104	0.580685	-0.219307
0.346667	0.577614	0.578864	-0.319327
0.347222	0.575058	0.577048	-0.406641
0.347778	0.573644	0.575238	-0.477556
0.348333	0.571857	0.573433	-0.529399
0.348889	0.569355	0.571634	-0.560698
0.349444	0.568395	0.569841	-0.569658
0.35	0.565688	0.568054	-0.55689
0.350556	0.564745	0.566272	-0.522302
0.351111	0.562752	0.564495	-0.467824
0.351667	0.560702	0.562725	-0.39563
0.352222	0.559576	0.560959	-0.308299
0.352778	0.556641	0.5592	-0.209962
0.353333	0.556137	0.557445	-0.103714
0.353889	0.553941	0.555697	0.00553763
0.354444	0.552399	0.553954	0.114023
0.355	0.550892	0.552216	0.217415
0.355556	0.548334	0.550484	0.311457
0.356111	0.547505	0.548757	0.393155
0.356667	0.5448	0.547035	0.458654
0.357222	0.543819	0.545319	0.50624
0.357778	0.541917	0.543609	0.533674
0.358333	0.539878	0.541903	0.540171
0.358889	0.538804	0.540203	0.525846
0.359444	0.536024	0.538509	0.490826
0.36	0.535455	0.53682	0.437333
0.360556	0.533421	0.535136	0.36685
0.361111	0.53184	0.533457	0.282717
0.361667	0.530493	0.531783	0.18813
0.362222	0.527931	0.530115	0.0866012
0.362778	0.527238	0.528452	-0.0173425
0.363333	0.524695	0.526795	-0.120364
0.363889	0.523675	0.525142	-0.217782
0.364444	0.521871	0.523495	-0.306328
0.365	0.519843	0.521853	-0.382482
0.365556	0.518817	0.520216	-0.44313
0.366111	0.516163	0.518584	-0.486558
0.366667	0.515542	0.516957	-0.510491
0.367222	0.513641	0.515335	-0.514782
0.367778	0.511952	0.513719	-0.498948
0.368333	0.510737	0.512107	-0.463829
0.368889	0.508133	0.510501	-0.411176
0.369444	0.507667	0.508899	-0.342587
0.37	0.505479	0.507303	-0.261512
0.370556	0.504327	0.505711	-0.17055
0.371111	0.502776	0.504125	-0.0736834
0.371667	0.500693	0.502544	0.0253358
0.372222	0.499767	0.500967	0.122961
0.372778	0.49712	0.499396	0.214837
0.373333	0.496481	0.497829	0.298107
0.373889	0.494555	0.496267	0.369015
0.374444	0.492952	0.494711	0.425203
0.375	0.491773	0.493159	0.464616
0.375556	0.489212	0.491612	0.48546
0.376111	0.488775	0.49007	0.487639
0.376667	0.486743	0.488532	0.470536
0.377222	0.485543	0.487	0.435449
0.377778	0.484157	0.485472	0.383626
0.378333	0.482054	0.483949	0.31706
0.378889	0.481277	0.482431	0.238862
0.379444	0.478799	0.480918	0.151525
0.38	0.478111	0.479409	0.0591089
0.380556	0.476285	0.477905	-0.0351942
0.381111	0.474685	0.476406	-0.127597
0.381667	0.473546	0.474912	-0.214296
0.382222	0.471031	0.473422	-0.292464
0.382778	0.4706	0.471937	-0.358498
0.383333	0.468676	0.470456	-0.410464
0.383889	0.467448	0.46898	-0.446117
0.384444	0.466188	0.467509	-0.464162
0.385	0.463983	0.466043	-0.464346
0.385556	0.463333	0.464581	-0.446218
0.386111	0.461189	0.463123	-0.411199
0.386667	0.460354	0.461671	-0.360291
0.387222	0.458838	0.460222	-0.295753
0.387778	0.457139	0.458779	-0.220328
0.388333	0.456211	0.457339	-0.136573
0.388889	0.453671	0.455905	-0.0483764
0.389444	0.45331	0.454475	0.0413579
0.39	0.451367	0.453049	0.128799
0.390556	0.450154	0.451628	0.21059
0.391111	0.448844	0.450211	0.28389
0.391667	0.446767	0.448799	0.345386
0.392222	0.446117	0.447391	0.393343
0.392778	0.444062	0.445987	0.425534
0.393333	0.443196	0.444588	0.440988
0.393889	0.44179	0.443194	0.439357
0.394444	0.440075	0.441804	0.420389
0.395	0.439278	0.440418	0.385491
0.395556	0.436944	0.439036	0.335598
0.396111	0.436511	0.437659	0.273049
0.396667	0.434733	0.436286	0.200354
0.397222	0.433487	0.434917	0.120088
0.397778	0.432275	0.433553	0.035929
0.398333	0.430218	0.432193	-0.0493812
0.398889	0.429597	0.430837	-0.132122
0.399444	0.427593	0.429486	-0.209221
0.4	0.426721	0.428138	-0.277916
0.400556	0.425362	0.426795	-0.335147
0.401111	0.423659	0.425456	-0.379311
0.401667	0.422928	0.424122	-0.408313
0.402222	0.420783	0.422791	-0.421348
0.402778	0.42018	0.421465	-0.418096
0.403333	0.418602	0.420143	-0.398419
0.403889	0.417265	0.418825	-0.363705
0.404444	0.416306	0.417511	-0.314898
0.405	0.414168	0.416201	-0.254286
0.405556	0.413793	0.414896	-0.184287
0.406111	0.411985	0.413594	-0.107388
0.406667	0.411049	0.412297	-0.0271021
0.407222	0.409764	0.411004	0.0539466
0.407778	0.408068	0.409714	0.132243
0.408333	0.407306	0.408429	0.204855
0.408889	0.405161	0.407148	0.269214
0.409444	0.404631	0.405871	0.322433
0.41	0.403078	0.404597	0.363029
0.410556	0.401762	0.403328	0.389101
0.411111	0.400811	0.402063	0.399883
0.411667	0.398715	0.400802	0.395201
0.412222	0.398361	0.399544	0.374935
0.412778	0.396705	0.398291	0.340476
0.413333	0.395718	0.397042	0.292819
0.413889	0.394595	0.395796	0.2341
0.414444	0.39287	0.394555	0.166764
0.415	0.392254	0.393317	0.0931186
0.415556	0.390253	0.392083	0.0165541
0.416111	0.389683	0.390853	-0.0603846
0.416667	0.388205	0.389627	-0.13447
0.417222	0.386897	0.388405	-0.202792
0.417778	0.385962	0.387186	-0.263058
0.418333	0.383915	0.385972	-0.312505
0.418889	0.38354	0.384761	-0.349732
0.419444	0.381949	0.383554	-0.373109
0.42	0.380947	0.382351	-0.381793
0.420556	0.379918	0.381151	-0.375838
0.421111	0.378221	0.379956	-0.355105
0.421667	0.377605	0.378764	-0.320942
0.422222	0.375789	0.377576	-0.274488
0.422778	0.375121	0.376391	-0.217615
0.423333	0.373868	0.375211	-0.152879
0.423889	0.372471	0.374033	-0.082393
0.424444	0.371759	0.37286	-0.00937443
0.425	0.369792	0.371691	0.063601
0.425556	0.369453	0.370525	0.133702
0.426111	0.367966	0.369362	0.197951
0.426667	0.366941	0.368204	0.254333
0.427222	0.365923	0.367049	0.300269
0.427778	0.36422	0.365897	0.334311
0.428333	0.363673	0.364749	0.355217
0.428889	0.361896	0.363605	0.361983
0.429444	0.361232	0.362464	0.354872
0.43	0.359982	0.361327	0.333819
0.430556	0.358617	0.360194	0.299982
0.431111	0.357901	0.359064	0.254775
0.431667	0.356047	0.357938	0.199739
0.432222	0.355656	0.356815	0.137509
0.432778	0.354309	0.355696	0.0701296
0.433333	0.353239	0.35458	0.000478584
0.433889	0.352372	0.353467	-0.0686803
0.434444	0.350643	0.352359	-0.134967
0.435	0.350233	0.351253	-0.195391
0.435556	0.348586	0.350151	-0.24804
0.436111	0.347891	0.349053	-0.290721
0.436667	0.346706	0.347958	-0.321761
0.437222	0.345357	0.346867	-0.340351
0.437778	0.344647	0.345778	-0.345413
0.438333	0.343007	0.344694	-0.337204
0.438889	0.342578	0.343612	-0.315974
0.439444	0.341257	0.342535	-0.282504
0.44	0.340193	0.34146	-0.238518
0.440556	0.339312	0.340389	-0.18536
0.441111	0.337617	0.339321	-0.125486
0.441667	0.337185	0.338257	-0.0611592
0.442222	0.335641	0.337196	0.00526658
0.442778	0.334891	0.336138	0.0708275
0.443333	0.333844	0.335083	0.133402
0.443889	0.332443	0.334032	0.190292
0.444444	0.331891	0.332984	0.239364
0.445	0.33027	0.33194	0.278987
0.445556	0.32978	0.330899	0.30729
0.446111	0.328617	0.329861	0.32364
0.446667	0.327504	0.328826	0.327248
0.447222	0.326776	0.327794	0.318021
0.447778	0.325056	0.326766	0.296679
0.448333	0.324746	0.325741	0.263719
0.448889	0.323293	0.324719	0.220852
0.449444	0.322533	0.3237	0.169646
0.45	0.321514	0.322685	0.112032
0.450556	0.320145	0.321673	0.0506145
0.451111	0.319574	0.320664	-0.0126023
0.451667	0.317978	0.319658	-0.0748487
0.452222	0.317484	0.318655	-0.133788
0.452778	0.316362	0.317655	-0.187343
0.453333	0.315249	0.316659	-0.233101
0.453889	0.31459	0.315666	-0.269719
0.454444	0.312887	0.314675	-0.2956
0.455	0.312656	0.313688	-0.309785
0.455556	0.311371	0.312704	-0.312063
0.456111	0.310498	0.311723	-0.30203
0.456667	0.309592	0.310745	-0.280494
0.457222	0.308186	0.309771	-0.248223
0.457778	0.307737	0.308799	-0.206413
0.458333	0.306307	0.30783	-0.157078
0.458889	0.305738	0.306865	-0.10179
0.459444	0.304745	0.305902	-0.043006
0.46	0.303593	0.304942	0.0170046
0.460556	0.303014	0.303986	0.076123
0.461111	0.301377	0.303032	0.13169
0.461667	0.301113	0.302082	0.181925
0.462222	0.299866	0.301134	0.224737
0.462778	0.299042	0.300189	0.258427
0.463333	0.298187	0.299248	0.282047
0.463889	0.296805	0.298309	0.294362
0.464444	0.29635	0.297373	0.295249
0.465	0.294921	0.29644	0.28469
0.465556	0.294366	0.29551	0.262969
0.466111	0.293373	0.294583	0.231358
0.466667	0.292246	0.293659	0.190795
0.467222	0.291686	0.292738	0.14309
0.467778	0.290187	0.29182	0.0902138
0.468333	0.289859	0.290904	0.0339592
0.468889	0.288763	0.289992	-0.0230976
0.469444	0.287886	0.289082	-0.0790115
0.47	0.287176	0.288175	-0.13157
0.470556	0.285763	0.287271	-0.178555
0.471111	0.285426	0.28637	-0.21853
0.471667	0.284082	0.285472	-0.249652
0.472222	0.283514	0.284576	-0.270927
0.472778	0.28255	0.283684	-0.281684
0.473333	0.281385	0.282794	-0.281273
0.473889	0.280916	0.281907	-0.270139
0.474444	0.279519	0.281022	-0.248535
0.475	0.279142	0.280141	-0.217379
0.475556	0.27812	0.279262	-0.178166
0.476111	0.277221	0.278386	-0.132115
0.476667	0.276561	0.277513	-0.0813652
0.477222	0.275151	0.276642	-0.0278032
0.477778	0.274845	0.275774	0.0266128
0.478333	0.273578	0.274909	0.0794462
0.478889	0.272976	0.274047	0.128999
0.479444	0.272085	0.273187	0.173172
0.48	0.270964	0.27233	0.210237
0.480556	0.270457	0.271476	0.239066
0.481111	0.269086	0.270624	0.25824
0.481667	0.2687	0.269775	0.267336
0.482222	0.267729	0.268929	0.266025
0.482778	0.266821	0.268085	0.254225
0.483333	0.266239	0.267244	0.232796
0.483889	0.264818	0.266406	0.202327
0.484444	0.264612	0.26557	0.164173
0.485	0.263503	0.264737	0.119994
0.485556	0.262845	0.263907	0.0712318
0.486111	0.26208	0.263079	0.020138
0.486667	0.260935	0.262254	-0.0314698
0.487222	0.260508	0.261431	-0.0816457
0.487778	0.259173	0.260611	-0.12818
0.488333	0.258792	0.259793	-0.16963
0.488889	0.257814	0.258978	-0.204184
0.489444	0.256939	0.258166	-0.230552
0.49	0.256326	0.257356	-0.247984
0.490556	0.25496	0.256549	-0.255526
0.491111	0.254796	0.255744	-0.253218
0.491667	0.253773	0.254942	-0.241147
0.492222	0.253082	0.254142	-0.219666
0.492778	0.252392	0.253345	-0.18999
0.493333	0.251232	0.25255	-0.153024
0.493889	0.250866	0.251758	-0.110365
0.494444	0.249621	0.250968	-0.0638302
0.495	0.249202	0.250181	-0.0149504
0.495556	0.248295	0.249396	0.0340483
0.496111	0.247404	0.248614	0.0814217
0.496667	0.246842	0.247834	0.125422
0.497222	0.245487	0.247056	0.164086
0.497778	0.24527	0.246281	0.19627
0.498333	0.24428	0.245509	0.220571
0.498889	0.243584	0.244739	0.236059
0.499444	0.242952	0.243971	0.242436
0.5	0.241785	0.243206	0.239189
0.500556	0.241502	0.242443	0.226725
0.501111	0.240412	0.241682	0.205588
0.501667	0.239929	0.240924	0.176429
0.502222	0.239159	0.240168	0.14075
0.502778	0.238228	0.239415	0.0997356
0.503333	0.237769	0.238664	0.0550389
0.503889	0.236473	0.237915	0.00861858
0.504444	0.236246	0.237169	-0.0380281
0.505	0.235268	0.236425	-0.0828339
0.505556	0.234595	0.235683	-0.124122
0.506111	0.233939	0.234944	-0.16049
0.506667	0.232821	0.234207	-0.190249
0.507222	0.232494	0.233472	-0.212548
0.507778	0.231423	0.23274	-0.2265
0.508333	0.230938	0.23201	-0.231452
0.508889	0.229682	0.231282	-0.227571
0.509444	0.228717	0.230556	-0.214796
0.51	0.228349	0.229833	-0.193762
0.510556	0.227287	0.229112	-0.165487
0.511111	0.22689	0.228393	-0.130819
0.511667	0.226018	0.227677	-0.0914164
0.512222	0.225305	0.226963	-0.0487467
0.512778	0.224728	0.226251	-0.00434352
0.513333	0.223734	0.225541	0.0397661
0.513889	0.223318	0.224833	0.0821456
0.514444	0.222312	0.224128	0.121068
0.515	0.221794	0.223425	0.154907
0.515556	0.221089	0.222724	0.182671
0.516111	0.220294	0.222026	0.203053
0.516667	0.21978	0.221329	0.2154
0.517222	0.218939	0.220635	0.219425
0.517778	0.218366	0.219943	0.214737
0.518333	0.217603	0.219253	0.201839
0.518889	0.216848	0.218565	0.181198
0.519444	0.21639	0.217879	0.15352
0.52	0.215488	0.217196	0.120212
0.520556	0.215061	0.216514	0.0823449
0.521111	0.214145	0.215835	0.0414908
0.521667	0.213613	0.215158	-0.000590575
0.522222	0.212977	0.214483	-0.0425476
0.522778	0.212139	0.21381	-0.0825029
0.523333	0.21169	0.21314	-0.118976
0.523889	0.210836	0.212471	-0.150741
0.524444	0.210291	0.211805	-0.176303
0.525	0.2095	0.21114	-0.194946
0.525556	0.20885	0.210478	-0.205951
0.526111	0.208293	0.209818	-0.208756
0.526667	0.207599	0.209159	-0.203595
0.527222	0.20699	0.208503	-0.190498
0.527778	0.206232	0.207849	-0.170035
0.528333	0.205592	0.207197	-0.14325
0.528889	0.205064	0.206547	-0.110931
0.529444	0.204278	0.205899	-0.0745656
0.53	0.203841	0.205253	-0.0356076
0.530556	0.20298	0.20461	0.00463577
0.531111	0.202507	0.203968	0.0443083
0.531667	0.201804	0.203328	0.0820449
0.532222	0.201062	0.20269	0.116444
0.532778	0.200623	0.202054	0.145952
0.533333	0.19984	0.20142	0.16973
0.533889	0.199334	0.200789	0.186753
0.534444	0.198543	0.200159	0.196316
0.535	0.197943	0.199531	0.198351
0.535556	0.197383	0.198905	0.192565
0.536111	0.196796	0.198281	0.17933
0.536667	0.196181	0.197659	0.159335
0.537222	0.195543	0.197039	0.133126
0.537778	0.194885	0.196421	0.102
0.538333	0.194273	0.195805	0.0671425
0.538889	0.19364	0.19519	0.0297627
0.539444	0.193161	0.194578	-0.00839408
0.54	0.192443	0.193968	-0.0460499
0.540556	0.191947	0.193359	-0.0817443
0.541111	0.191213	0.192753	-0.113899
0.541667	0.19063	0.192148	-0.141565
0.542222	0.190146	0.191545	-0.163531
0.542778	0.189423	0.190944	-0.178925
0.543333	0.188974	0.190345	-0.18743
0.543889	0.188227	0.189748	-0.188494
0.544444	0.187682	0.189153	-0.182238
0.545	0.187048	0.18856	-0.16906
0.545556	0.186513	0.187968	-0.149255
0.546111	0.185934	0.187379	-0.123869
0.546667	0.18538	0.186791	-0.0938692
0.547222	0.184728	0.186205	-0.0602842
0.547778	0.184146	0.185621	-0.0247119
0.548333	0.18356	0.185038	0.0116504
0.548889	0.183014	0.184458	0.0473986
0.549444	0.182467	0.183879	0.0809377
0.55	0.181898	0.183302	0.111246
0.550556	0.181277	0.182727	0.137028
0.551111	0.18069	0.182154	0.15723
0.551667	0.180174	0.181583	0.171348
0.552222	0.17954	0.181013	0.178632
0.552778	0.179111	0.180445	0.178913
0.553333	0.178432	0.179879	0.172372
0.553889	0.17795	0.179315	0.159041
0.554444	0.177273	0.178753	0.139677
0.555	0.176733	0.178192	0.115079
0.555556	0.176251	0.177633	0.0860253
0.556111	0.1757	0.177076	0.0539347
0.556667	0.175136	0.17652	0.0199382
0.557222	0.174576	0.175966	-0.0147205
0.557778	0.173982	0.175414	-0.0484452
0.558333	0.173404	0.174864	-0.0801641
0.558889	0.172996	0.174316	-0.108606
0.559444	0.172369	0.173769	-0.132524
0.56	0.171915	0.173224	-0.151282
0.560556	0.171251	0.17268	-0.164007
0.561111	0.17074	0.172139	-0.170208
0.561667	0.170221	0.171599	-0.169906
0.562222	0.169686	0.17106	-0.162906
0.562778	0.169186	0.170524	-0.149618
0.563333	0.168634	0.169989	-0.130721
0.563889	0.168066	0.169456	-0.10673
0.564444	0.167495	0.168924	-0.0788082
0.565	0.167052	0.168394	-0.0480622
0.565556	0.166507	0.167866	-0.0155054
0.566111	0.166043	0.167339	0.0173344
0.566667	0.165468	0.166814	0.0493039
0.567222	0.164943	0.166291	0.0792641
0.567778	0.16435	0.165769	0.10582
0.568333	0.163936	0.165249	0.128175
0.568889	0.163383	0.164731	0.145464
0.569444	0.162962	0.164214	0.156866
0.57	0.162333	0.163699	0.162228
0.570556	0.161881	0.163186	0.161243
0.571111	0.161376	0.162674	0.153909
0.571667	0.16076	0.162163	0.140788
0.572222	0.160446	0.161655	0.122209
0.572778	0.159786	0.161148	0.0989608
0.573333	0.159428	0.160642	0.0721495
0.573889	0.158779	0.160138	0.0425875
0.574444	0.158324	0.159636	0.0115779
0.575	0.157885	0.159135	-0.0195883
0.575556	0.157338	0.158636	-0.0499355
0.576111	0.156909	0.158138	-0.0780776
0.576667	0.156346	0.157642	-0.102965
0.577222	0.155852	0.157148	-0.12383
0.577778	0.155328	0.156655	-0.139639
0.578333	0.154875	0.156163	-0.149939
0.578889	0.15442	0.155673	-0.154455
0.579444	0.153918	0.155185	-0.152808
0.58	0.153436	0.154698	-0.145306
0.580556	0.15289	0.154213	-0.132263
0.581111	0.152397	0.153729	-0.114034
0.581667	0.152035	0.153247	-0.0915987
0.582222	0.151487	0.152766	-0.0657485
0.582778	0.151117	0.152287	-0.0373972
0.583333	0.150496	0.151809	-0.00790174
0.583889	0.150119	0.151333	0.0217677
0.584444	0.149673	0.150858	0.0504783
0.585	0.149043	0.150385	0.0769162
0.585556	0.148793	0.149913	0.100298
0.586111	0.148109	0.149443	0.119665
0.586667	0.147831	0.148974	0.134148
0.587222	0.147252	0.148507	0.143457
0.587778	0.14679	0.148041	0.147116
0.588333	0.146474	0.147577	0.144954
0.588889	0.145818	0.147114	0.137316
0.589444	0.145561	0.146652	0.124327
0.59	0.144904	0.146192	0.106548
0.590556	0.14457	0.145734	0.0848773
0.591111	0.144109	0.145276	0.0599456
0.591667	0.143576	0.144821	0.0328421
0.592222	0.14324	0.144366	0.00474713
0.592778	0.142685	0.143913	-0.0234791
0.593333	0.142298	0.143462	-0.0505746
0.593889	0.141775	0.143012	-0.0754541
0.594444	0.141287	0.142563	-0.097379
0.595	0.140971	0.142116	-0.115306
0.595556	0.140428	0.14167	-0.1286
0.596111	0.140097	0.141226	-0.136942
0.596667	0.13954	0.140783	-0.139807
0.597222	0.139154	0.140341	-0.137222
0.597778	0.138795	0.139901	-0.129432
0.598333	0.138222	0.139462	-0.11654
0.598889	0.137976	0.139025	-0.099238
0.599444	0.13734	0.138589	-0.0782714
0.6	0.137085	0.138154	-0.0542633
0.600556	0.136626	0.13772	-0.028367
0.601111	0.136122	0.137288	-0.00157823
0.601667	0.135842	0.136858	0.0252351
0.602222	0.135143	0.136428	0.0508061
0.602778	0.134983	0.136	0.0742335
0.603333	0.134404	0.135574	0.0947511
0.603889	0.134052	0.135149	0.111349
0.604444	0.133655	0.134725	0.123543
0.605	0.133052	0.134302	0.130965
0.605556	0.132838	0.133881	0.133133
0.606111	0.132284	0.133461	0.130174
0.606667	0.132036	0.133042	0.122255
0.607222	0.131582	0.132625	0.109515
0.607778	0.131088	0.132209	0.0926859
0.608333	0.130809	0.131794	0.0724106
0.608889	0.130188	0.131381	0.0493315
0.609444	0.129967	0.130968	0.0245858
0.61	0.129423	0.130558	-0.000941527
0.610556	0.129058	0.130148	-0.0263812
0.611111	0.128698	0.12974	-0.0505182
0.611667	0.128143	0.129333	-0.0725534
0.612222	0.127909	0.128927	-0.0917272
0.612778	0.12733	0.128523	-0.107092
0.613333	0.127057	0.128119	-0.118239
0.613889	0.126664	0.127717	-0.124801
0.614444	0.126144	0.127317	-0.126345
0.615	0.125934	0.126917	-0.123035
0.615556	0.125343	0.126519	-0.115022
0.616111	0.12514	0.126122	-0.102463
0.616667	0.124697	0.125727	-0.0860838
0.617222	0.124283	0.125332	-0.066497
0.617778	0.124009	0.124939	-0.0443255
0.618333	0.123363	0.124547	-0.0206656
0.618889	0.123255	0.124157	0.00363829
0.619444	0.122711	0.123767	0.027767
0.62	0.122435	0.123379	0.0505621
0.620556	0.122052	0.122992	0.0712624
0.621111	0.12155	0.122606	0.0891749
0.621667	0.121327	0.122221	0.103401
0.622222	0.120682	0.121838	0.113554
0.622778	0.120538	0.121456	0.119333
0.623333	0.120059	0.121075	0.120325
0.623889	0.11969	0.120695	0.116688
0.624444	0.119447	0.120316	0.108628
0.625	0.118797	0.119939	0.0962829
0.625556	0.118713	0.119563	0.0803391
0.626111	0.118207	0.119188	0.0614481
0.626667	0.117916	0.118814	0.0401708
0.627222	0.117565	0.118441	0.0175418
0.627778	0.117056	0.11807	-0.00556757
0.628333	0.11686	0.117699	-0.0284341
0.628889	0.116254	0.11733	-0.0499689
0.629444	0.116092	0.116962	-0.0693823
0.63	0.115647	0.116595	-0.0860965
0.630556	0.115264	0.116229	-0.0992708
0.631111	0.114979	0.115865	-0.108473
0.631667	0.114378	0.115501	-0.11352
0.632222	0.114253	0.115139	-0.114029
0.632778	0.113762	0.114778	-0.110083
0.633333	0.11347	0.114418	-0.101997
0.633889	0.113145	0.114059	-0.0898974
0.634444	0.112632	0.113701	-0.0743667
0.635	0.112471	0.113344	-0.0561521
0.635556	0.111955	0.112989	-0.0357625
0.636111	0.111741	0.112634	-0.0141022
0.636667	0.111385	0.112281	0.00786796
0.637222	0.110956	0.111929	0.0295077
0.637778	0.110756	0.111578	0.0498713
0.638333	0.110183	0.111228	0.0680727
0.638889	0.11007	0.110879	0.0836329
0.639444	0.109645	0.110531	0.0958498
0.64	0.109326	0.110184	0.104174
0.640556	0.109048	0.109838	0.108518
0.641111	0.10849	0.109494	0.108622
0.641667	0.108324	0.10915	0.104414
0.642222	0.107818	0.108808	0.0962973
0.642778	0.107606	0.108467	0.0844901
0.643333	0.107257	0.108126	0.0693845
0.643889	0.106835	0.107787	0.0517982
0.644444	0.106641	0.107449	0.032308
0.645	0.106109	0.107112	0.0115933
0.645556	0.105972	0.106776	-0.00932415
0.646111	0.10559	0.106441	-0.0297509
0.646667	0.105249	0.106107	-0.048988
0.647222	0.105014	0.105774	-0.0660867
0.647778	0.104475	0.105443	-0.0805129
0.648333	0.104383	0.105112	-0.091818
0.648889	0.103928	0.104782	-0.0993738
0.649444	0.103697	0.104453	-0.103021
0.65	0.10338	0.104126	-0.102743
0.650556	0.102956	0.103799	-0.0983669
0.651111	0.102775	0.103473	-0.0901908
0.651667	0.102227	0.103149	-0.0786643
0.652222	0.102116	0.102825	-0.064048
0.652778	0.101705	0.102503	-0.0470216
0.653333	0.101402	0.102181	-0.0283787
0.653889	0.101128	0.101861	-0.00864687
0.654444	0.100636	0.101541	0.0113205
0.655	0.100499	0.101223	0.0306186
0.655556	0.100025	0.100905	0.0487059
0.656111	0.0998179	0.100588	0.0648221
0.656667	0.0994871	0.100273	0.0782139
0.657222	0.0990872	0.0999584	0.0885776
0.657778	0.0988982	0.0996448	0.0954814
0.658333	0.0983996	0.0993322	0.0985263
0.658889	0.0983194	0.0990206	0.0978111
0.659444	0.0979911	0.09871	0.0933584
0.66	0.0976397	0.0984003	0.0851992
0.660556	0.0974432	0.0980917	0.073857
0.661111	0.0969103	0.097784	0.0597858
0.661667	0.0968432	0.0974772	0.0433717
0.662222	0.0964294	0.0971714	0.0254375
0.662778	0.0961919	0.0968666	0.00670733
0.663333	0.0959055	0.0965627	-0.0122746
0.663889	0.0954903	0.0962598	-0.0306149
0.664444	0.0953301	0.0959579	-0.0475607
0.665	0.0948345	0.0956569	-0.0626591
0.665556	0.0947046	0.0953568	-0.0752009
0.666111	0.094339	0.0950577	-0.0846427
0.666667	0.09403	0.0947595	-0.090838
0.667222	0.0937941	0.0944622	-0.093457
0.667778	0.0933077	0.0941659	-0.0923195
0.668333	0.0932012	0.0938705	-0.0876941
0.668889	0.0927936	0.093576	-0.0797018
0.669444	0.0925615	0.0932825	-0.0685456
0.67	0.0922875	0.0929899	-0.0548739
0.670556	0.0918762	0.0926982	-0.0391861
0.671111	0.0917348	0.0924074	-0.0219506
0.671667	0.0913085	0.0921175	-0.00402934
0.672222	0.0911363	0.0918285	0.0138877
0.672778	0.0908417	0.0915405	0.0312793
0.673333	0.0904929	0.0912533	0.0473101
0.673889	0.090328	0.090967	0.0613366
0.674444	0.0898693	0.0906817	0.0730167
0.675	0.0897678	0.0903972	0.0817754
0.675556	0.0894337	0.0901136	0.0872209
0.676111	0.089162	0.089831	0.0893601
0.676667	0.0889882	0.0895492	0.0880292
0.677222	0.0885572	0.0892683	0.0831926
0.677778	0.088449	0.0889882	0.0752558
0.678333	0.0880227	0.0887091	0.0644866
0.678889	0.0878631	0.0884308	0.0511768
0.679444	0.0875547	0.0881534	0.036042
0.68	0.0872315	0.0878769	0.0196687
0.680556	0.0870403	0.0876012	0.00252801
0.681111	0.0865553	0.0873264	-0.014551
0.681667	0.0864807	0.0870525	-0.0308685
0.682222	0.0861132	0.0867794	-0.0459861
0.682778	0.0858768	0.0865071	-0.0592014
0.683333	0.0856302	0.0862358	-0.0699268
0.683889	0.0852298	0.0859653	-0.0779571
0.684444	0.0851035	0.0856956	-0.0829206
0.685	0.0847094	0.0854268	-0.0845128
0.685556	0.0845342	0.0851588	-0.0828785
0.686111	0.0842627	0.0848917	-0.0780787
0.686667	0.0839231	0.0846253	-0.0701531
0.687222	0.0837729	0.0843599	-0.0595886
0.687778	0.0833623	0.0840953	-0.0468469
0.688333	0.0832408	0.0838314	-0.0322481
0.688889	0.0829494	0.0835685	-0.0164887
0.689444	0.0826673	0.0833063	-0.000279527
0.69	0.0824931	0.083045	0.0159401
0.690556	0.082053	0.0827845	0.0314767
0.691111	0.0819939	0.0825248	0.0455906
0.691667	0.0816598	0.0822659	0.05792
0.692222	0.0814525	0.0820079	0.0679965
0.692778	0.0812293	0.0817506	0.0752673
0.693333	0.0808696	0.0814942	0.0796088
0.693889	0.0807553	0.0812385	0.0809347
0.694444	0.0803814	0.0809837	0.0790213
0.695	0.0802591	0.0807296	0.0740503
0.695556	0.0799705	0.0804764	0.0663564
0.696111	0.0796995	0.0802239	0.0560725
0.696667	0.0795166	0.0799723	0.0436344
0.697222	0.079099	0.0797214	0.0297052
0.697778	0.0790207	0.0794713	0.0146855
0.698333	0.0786601	0.079222	-0.000885989
0.698889	0.0784836	0.0789735	-0.0162126
0.699444	0.0782295	0.0787258	-0.0307949
0.7	0.0779062	0.0784788	-0.0441881
0.700556	0.0777581	0.0782326	-0.0556971
0.701111	0.0773497	0.0779872	-0.0649093
0.701667	0.0772467	0.0777426	-0.0716472
0.702222	0.0769476	0.0774987	-0.0755172
0.702778	0.0766963	0.0772556	-0.0763328
0.703333	0.0765058	0.0770132	-0.0742694
0.703889	0.0761078	0.0767717	-0.0693391
0.704444	0.0760252	0.0765308	-0.0616276
0.705	0.0757061	0.0762907	-0.0516293
0.705556	0.0755064	0.0760514	-0.0397387
0.706111	0.0752964	0.0758129	-0.0262576
0.706667	0.0749505	0.075575	-0.0118531
0.707222	0.0748482	0.075338	0.00283652
0.707778	0.0745132	0.0751016	0.0174265
0.708333	0.0743622	0.074866	0.0312886
0.708889	0.0741328	0.0746312	0.0437478
0.709444	0.073839	0.0743971	0.0544937
0.71	0.0737137	0.0741637	0.0631436
0.710556	0.0733443	0.073931	0.0691937
0.711111	0.0732564	0.0736991	0.0725313
0.711667	0.0729875	0.0734679	0.0731497
0.712222	0.0727334	0.0732375	0.0708615
0.712778	0.0725688	0.0730077	0.0657954
0.713333	0.0721988	0.0727787	0.0583307
0.713889	0.0721356	0.0725504	0.048635
0.714444	0.0718333	0.0723228	0.0370295
0.715	0.0716652	0.0720959	0.0241615
0.715556	0.0714612	0.0718698	0.0104799
0.716111	0.0711585	0.0716443	-0.00362342
0.716667	0.0710511	0.0714196	-0.0174409
0.717222	0.0706921	0.0711955	-0.0304015
0.717778	0.0706039	0.0709722	-0.0421896
0.718333	0.0703394	0.0707496	-0.052268
0.718889	0.0701201	0.0705276	-0.060133
0.719444	0.0699491	0.0703064	-0.065663
0.72	0.0696004	0.0700858	-0.0686673
0.720556	0.0695219	0.069866	-0.0688693
0.721111	0.0691922	0.0696468	-0.0663863
0.721667	0.0690584	0.0694283	-0.0614358
0.722222	0.0688218	0.0692105	-0.0540495
0.722778	0.0685594	0.0689934	-0.0445403
0.723333	0.0684152	0.068777	-0.0334594
0.723889	0.0680353	0.0685613	-0.0211259
0.724444	0.0679732	0.0683462	-0.00793609
0.725	0.0676879	0.0681318	0.00541384
0.725556	0.0674965	0.0679181	0.0184295
0.726111	0.0673053	0.067705	0.0307705
0.726667	0.0669859	0.0674926	0.041834
0.727222	0.066888	0.0672809	0.0511171
0.727778	0.0665775	0.0670698	0.0584503
0.728333	0.0664369	0.0668594	0.0635296
0.728889	0.0662215	0.0666497	0.0660127
0.729444	0.0660489	0.0664406	0.0659501
0.73	0.0659236	0.0662322	0.0634386
0.730556	0.0655666	0.0660244	0.0584122
0.731111	0.0654944	0.0658173	0.0511136
0.731667	0.0652277	0.0656109	0.0419994
0.732222	0.0650318	0.065405	0.0313066
0.732778	0.0648547	0.0651999	0.0193788
0.733333	0.0645365	0.0649953	0.00686387
0.733889	0.0644483	0.0647915	-0.00577362
0.734444	0.0641505	0.0645882	-0.0182045
0.735	0.0640091	0.0643856	-0.0298263
0.735556	0.063802	0.0641836	-0.0401026
0.736111	0.0635379	0.0639823	-0.0488173
0.736667	0.0634207	0.0637816	-0.0556301
0.737222	0.0631091	0.0635815	-0.0601213
0.737778	0.0630072	0.063382	-0.0622398
0.738333	0.062786	0.0631832	-0.0620224
0.738889	0.0625622	0.062985	-0.0593241
0.739444	0.0624304	0.0627874	-0.0542569
0.74	0.0621075	0.0625905	-0.0472051
0.740556	0.0620427	0.0623941	-0.0383654
0.741111	0.0618081	0.0621984	-0.0279699
0.741667	0.0616238	0.0620033	-0.0165895
0.742222	0.0614761	0.0618088	-0.0047064
0.742778	0.0611741	0.0616149	0.00739144
0.743333	0.0611122	0.0614216	0.0191704
0.743889	0.0608505	0.0612289	0.0300333
0.744444	0.0607169	0.0610369	0.0397043
0.745	0.0605389	0.0608454	0.0478815
0.745556	0.0602908	0.0606545	0.0540816
0.746111	0.0601953	0.0604642	0.0581044
0.746667	0.0598891	0.0602746	0.0599676
0.747222	0.0597858	0.0600855	0.0594997
0.747778	0.0595274	0.059897	0.0566329
0.748333	0.0593729	0.0597091	0.0516589
0.748889	0.0591987	0.0595218	0.0447984
0.749444	0.0589304	0.0593351	0.0361572
0.75	0.0588395	0.059149	0.0261559
0.750556	0.0585703	0.0589634	0.0153258
0.751111	0.0584504	0.0587784	0.0039501
0.751667	0.0582646	0.0585941	-0.0075886
0.752222	0.058032	0.0584103	-0.0186678
0.752778	0.0579286	0.058227	-0.0288847
0.753333	0.0576482	0.0580444	-0.0380094
0.753889	0.0575629	0.0578623	-0.0455907
0.754444	0.0573638	0.0576808	-0.0512338
0.755	0.0571682	0.0574998	-0.0548891
0.755556	0.0570493	0.0573195	-0.0564613
0.756111	0.0567459	0.0571396	-0.0557289
0.756667	0.0567053	0.0569604	-0.0527836
0.757222	0.0564803	0.0567817	-0.0479038
0.757778	0.0563322	0.0566036	-0.0411712
0.758333	0.0561848	0.056426	-0.0327652
0.758889	0.0559306	0.056249	-0.0231854
0.759444	0.0558597	0.0560726	-0.0128295
0.76	0.0555935	0.0558967	-0.00193289
0.760556	0.0555058	0.0557213	0.00901829
0.761111	0.0553147	0.0555465	0.0194546
0.761667	0.0551234	0.0553723	0.0290987
0.762222	0.0550067	0.0551986	0.0376695
0.762778	0.0547133	0.0550254	0.0446777
0.763333	0.0546699	0.0548528	0.0498448
0.763889	0.0544274	0.0546808	0.0531523
0.764444	0.054305	0.0545092	0.0544257
0.765	0.054084	0.0543382	0.0534831
0.765556	0.0538782	0.0541678	0.0504948
0.766111	0.0537626	0.0539979	0.0456839
0.766667	0.05348	0.0538285	0.0390895
0.767222	0.0534138	0.0536596	0.0309508
0.767778	0.0532068	0.0534913	0.0217643
0.768333	0.053038	0.0533235	0.0118504
0.768889	0.0529058	0.0531562	0.00144568
0.769444	0.0526358	0.0529895	-0.00893861
0.77	0.0525777	0.0528232	-0.0187886
0.770556	0.0523619	0.0526575	-0.0278737
0.771111	0.0522228	0.0524923	-0.0358983
0.771667	0.0520808	0.0523277	-0.0423887
0.772222	0.0518418	0.0521635	-0.0471162
0.772778	0.0517728	0.0519999	-0.0500717
0.773333	0.0515456	0.0518368	-0.0510755
0.773889	0.0514383	0.0516742	-0.0499667
0.774444	0.0512831	0.0515121	-0.0469278
0.775	0.0510778	0.0513505	-0.0421761
0.775556	0.0509938	0.0511894	-0.0357483
0.776111	0.0507445	0.0510288	-0.0278754
0.776667	0.0506782	0.0508687	-0.0190407
0.777222	0.0504989	0.0507092	-0.00956156
0.777778	0.0503367	0.0505501	0.000347263
0.778333	0.0502266	0.0503915	0.0102115
0.778889	0.0499699	0.0502334	0.019522
0.779444	0.0499281	0.0500759	0.0280515
0.78	0.049712	0.0499188	0.0355556
0.780556	0.049604	0.0497622	0.0415912
0.781111	0.0494553	0.0496061	0.0459048
0.781667	0.0492547	0.0494505	0.0485073
0.782222	0.0491726	0.0492953	0.0492819
0.782778	0.0489336	0.0491407	0.0480512
0.783333	0.0488937	0.0489866	0.0449536
0.783889	0.0486901	0.0488329	0.0402544
0.784444	0.0485587	0.0486797	0.0340265
0.785	0.0484211	0.048527	0.026425
0.785556	0.0481993	0.0483748	0.0179031
0.786111	0.048127	0.048223	0.00884764
0.786667	0.0478813	0.0480717	-0.000550937
0.787222	0.0478082	0.0479209	-0.00992678
0.787778	0.0476282	0.0477706	-0.0187516
0.788333	0.0474654	0.0476208	-0.0267332
0.788889	0.0473503	0.0474714	-0.0337177
0.789444	0.047099	0.0473225	-0.0393507
0.79	0.0470482	0.047174	-0.0432966
0.790556	0.0468374	0.047026	-0.0455372
0.791111	0.0467221	0.0468785	-0.0460873
0.791667	0.0465761	0.0467315	-0.0447872
0.792222	0.0463727	0.0465849	-0.0416479
0.792778	0.0462908	0.0464387	-0.036965
0.793333	0.0460619	0.0462931	-0.0309388
0.793889	0.0459818	0.0461478	-0.0236472
0.794444	0.0458174	0.0460031	-0.0154141
0.795	0.0456498	0.0458588	-0.00672079
0.795556	0.045549	0.0457149	0.00216363
0.796111	0.0453112	0.0455715	0.0110315
0.796667	0.0452573	0.0454285	0.0194345
0.797222	0.0450832	0.045286	0.0269358
0.797778	0.0449427	0.045144	0.0333803
0.798333	0.0448315	0.0450024	0.0386083
0.798889	0.0446057	0.0448612	0.0422753
0.799444	0.0445568	0.0447205	0.0441984
0.8	0.0443751	0.0445802	0.0444737
0.800556	0.044288	0.0444403	0.0431171
0.801111	0.0441398	0.0443009	0.0400284
0.801667	0.0439662	0.044162	0.0353561
0.802222	0.0438791	0.0440234	0.0294507
0.802778	0.0436624	0.0438853	0.0224997
0.803333	0.0435959	0.0437477	0.0146302
0.803889	0.0434401	0.0436104	0.00623157
0.804444	0.0432906	0.0434736	-0.00223245
0.805	0.043195	0.0433372	-0.0105359
0.805556	0.0429718	0.0432013	-0.0184731
0.806111	0.0429276	0.0430658	-0.0256147
0.806667	0.0427643	0.0429307	-0.0315946
0.807222	0.0426384	0.042796	-0.0363274
0.807778	0.0425342	0.0426618	-0.0397076
0.808333	0.0423277	0.0425279	-0.0414618
0.808889	0.042282	0.0423945	-0.041486
0.809444	0.0421059	0.0422615	-0.0399475
0.81	0.0420082	0.042129	-0.0369383
0.810556	0.0418901	0.0419968	-0.0324234
0.811111	0.0417131	0.0418651	-0.0265888
0.811667	0.0416524	0.0417337	-0.0198296
0.812222	0.0414551	0.0416028	-0.0123907
0.812778	0.0413933	0.0414723	-0.00440815
0.813333	0.041253	0.0413422	0.00376139
0.813889	0.0411131	0.0412125	0.0116482
0.814444	0.0410293	0.0410832	0.0190101
0.815	0.0408123	0.0409544	0.0257083
0.815556	0.0407842	0.0408259	0.0314086
0.816111	0.0406134	0.0406978	0.0357611
0.816667	0.0405183	0.0405702	0.0386982
0.817222	0.040403	0.0404429	0.0402398
0.817778	0.0401689	0.040316	0.0402298
0.818333	0.0400816	0.0401896	0.0385635
0.818889	0.039878	0.0400635	0.0354315
0.819444	0.0398291	0.0399378	0.031069
0.82	0.0396804	0.0398125	0.0255291
0.820556	0.0395563	0.0396876	0.0189396
0.821111	0.0394621	0.0395631	0.0116942
0.821667	0.0392637	0.039439	0.00416313
0.822222	0.0392233	0.0393153	-0.00349659
0.822778	0.0390667	0.039192	-0.0110625
0.823333	0.0389645	0.039069	-0.0181001
0.823889	0.0388615	0.0389465	-0.024272
0.824444	0.0386861	0.0388243	-0.0294889
0.825	0.0386361	0.0387025	-0.0336146
0.825556	0.038466	0.0385811	-0.0363483
0.826111	0.0383908	0.0384601	-0.0375388
0.826667	0.0382736	0.0383394	-0.0372986
0.827222	0.0381261	0.0382192	-0.035695
0.827778	0.0380612	0.0380993	-0.0326483
0.828333	0.0378705	0.0379798	-0.0282409
0.828889	0.0378291	0.0378606	-0.0228035
0.829444	0.0376906	0.0377418	-0.0165959
0.83	0.0375777	0.0376235	-0.00971237
0.830556	0.0374909	0.0375054	-0.0023836
0.831111	0.0373075	0.0373878	0.00495159
0.831667	0.0372717	0.0372705	0.0119682
0.832222	0.0371051	0.0371536	0.018547
0.832778	0.0370334	0.037037	0.0244767
0.833333	0.0369179	0.0369208	0.0293805
0.833889	0.0367764	0.036805	0.0330314
0.834444	0.0367114	0.0366896	0.0354451
0.835	0.0365122	0.0365745	0.0365822
0.835556	0.0364694	0.0364597	0.0362584
0.836111	0.0362795	0.0363454	0.0344446
0.836667	0.0362262	0.0362314	0.0313666
0.837222	0.0360864	0.0361177	0.0272085
0.837778	0.0359649	0.0360044	0.0219948
0.838333	0.0358746	0.0358915	0.0158714
0.838889	0.0356858	0.0357789	0.00922187
0.839444	0.0356444	0.0356666	0.00237828
0.84	0.0354886	0.0355547	-0.00452816
0.840556	0.0353963	0.0354432	-0.0113082
0.841111	0.0352891	0.035332	-0.0175693
0.841667	0.0351306	0.0352212	-0.0229834
0.842222	0.0350713	0.0351107	-0.0274687
0.842778	0.0349059	0.0350006	-0.0309552
0.843333	0.0348358	0.0348908	-0.0331991
0.843889	0.0347179	0.0347813	-0.0340128
0.844444	0.0345828	0.0346722	-0.0334784
0.845	0.0345121	0.0345634	-0.0317432
0.845556	0.0343409	0.034455	-0.0287895
0.846111	0.0342885	0.0343469	-0.024612
0.846667	0.0341642	0.0342392	-0.019459
0.847222	0.0340477	0.0341318	-0.0136729
0.847778	0.0339696	0.0340247	-0.00741995
0.848333	0.033794	0.033918	-0.000802186
0.848889	0.0337576	0.0338116	0.00587725
0.849444	0.033628	0.0337055	0.0122095
0.85	0.0335285	0.0335998	0.0179749
0.850556	0.0334445	0.0334944	0.0231054
0.851111	0.0332826	0.0333893	0.0274039
0.851667	0.0332436	0.0332846	0.0305565
0.852222	0.0331074	0.0331802	0.0324269
0.852778	0.0330258	0.0330761	0.0330992
0.853333	0.0329526	0.0329723	0.0325999
0.853889	0.0328005	0.0328689	0.0308147
0.854444	0.0327608	0.0327658	0.0277522
0.855	0.0326209	0.032663	0.023668
0.855556	0.0325522	0.0325605	0.0188188
0.856111	0.0324567	0.0324584	0.0132857
0.856667	0.0323273	0.0323566	0.00717548
0.857222	0.0322755	0.0322551	0.000818925
0.857778	0.0321196	0.0321539	-0.00540575
0.858333	0.0320778	0.032053	-0.0113217
0.858889	0.031966	0.0319525	-0.016844
0.859444	0.0318638	0.0318522	-0.0217268
0.86	0.0317957	0.0317523	-0.0256348
0.860556	0.0316338	0.0316527	-0.0284238
0.861111	0.0316088	0.0315534	-0.0301422
0.861667	0.0314762	0.0314544	-0.0307628
0.862222	0.0314058	0.0313558	-0.0301265
0.862778	0.0313167	0.0312574	-0.0281996
0.863333	0.031187	0.0311594	-0.0251911
0.863889	0.0311409	0.0310616	-0.0213211
0.864444	0.0309837	0.0309642	-0.0166438
0.865	0.030949	0.030867	-0.0112235
0.865556	0.0308351	0.0307702	-0.0053449
0.866111	0.0307415	0.0306737	0.000620461
0.866667	0.0306704	0.0305775	0.00647252
0.867222	0.0305185	0.0304815	0.0121337
0.867778	0.0304897	0.0303859	0.0173948
0.868333	0.0303484	0.0302906	0.021908
0.868889	0.0302935	0.0301956	0.0254519
0.869444	0.0301947	0.0301009	0.0280261
0.87	0.030082	0.0300064	0.0296261
0.870556	0.0300253	0.0299123	0.030092
0.871111	0.0297938	0.0298185	0.0292921
0.871667	0.0297406	0.0297249	0.0273317
0.872222	0.0296466	0.0296317	0.0244355
0.872778	0.0295382	0.0295387	0.0207007
0.873333	0.0294838	0.0294461	0.0161296
0.873889	0.0293361	0.0293537	0.0108774
0.874444	0.029306	0.0292616	0.00529086
0.875	0.0291983	0.0291698	-0.00033696
0.875556	0.0291132	0.0290783	-0.00590048
0.876111	0.0290453	0.0289871	-0.0112972
0.876667	0.028906	0.0288962	-0.0162455
0.877222	0.0288771	0.0288055	-0.0204173
0.877778	0.0287524	0.0287152	-0.0236785
0.878333	0.0286942	0.0286251	-0.0260552
0.878889	0.0286091	0.0285353	-0.0274922
0.879444	0.0284969	0.0284458	-0.0278047
0.88	0.028451	0.0283565	-0.0269051
0.880556	0.0283058	0.0282676	-0.0249387
0.881111	0.0282781	0.0281789	-0.022111
0.881667	0.0281726	0.0280905	-0.0184827
0.882222	0.0280908	0.0280024	-0.0140561
0.882778	0.0280245	0.0279146	-0.00900387
0.883333	0.0278895	0.027827	-0.0036681
0.883889	0.0278619	0.0277397	0.00167978
0.884444	0.0277335	0.0276527	0.00694754
0.885	0.0276849	0.0275659	0.0120425
0.885556	0.0275956	0.0274795	0.0167005
0.886111	0.0274939	0.0273933	0.0206032
0.886667	0.0274432	0.0273073	0.0236097
0.887222	0.0272903	0.0272217	0.0257516
0.887778	0.0272767	0.0271363	0.0270091
0.888333	0.0271627	0.0270512	0.027223
0.888889	0.0270675	0.0269663	0.0262805
0.889444	0.0269396	0.0268817	0.02429
0.89	0.026881	0.0267974	0.0214761
0.890556	0.02679	0.0267133	0.0179554
0.891111	0.026681	0.0266295	0.0137296
0.891667	0.0266267	0.026546	0.00889771
0.892222	0.0264862	0.0264627	0.00375615
0.892778	0.0264499	0.0263797	-0.00137239
0.893333	0.0263453	0.0262969	-0.00633348
0.893889	0.02626	0.0262145	-0.0110789
0.894444	0.0261909	0.0261322	-0.0154541
0.895	0.0260571	0.0260502	-0.0191633
0.895556	0.0260233	0.0259685	-0.0219718
0.896111	0.0259084	0.0258871	-0.0238548
0.896667	0.0258426	0.0258059	-0.0248811
0.897222	0.0257622	0.0257249	-0.0250104
0.897778	0.0256493	0.0256442	-0.0241045
0.898333	0.0256031	0.0255638	-0.0221356
0.898889	0.0254807	0.0254836	-0.0192867
0.899444	0.0254311	0.0254036	-0.015799
0.9	0.0253423	0.0253239	-0.011782
0.900556	0.0252467	0.0252445	-0.00725315
0.901111	0.025191	0.0251653	-0.00234087
0.901667	0.0250634	0.0250864	0.00264973
0.902222	0.0250272	0.0250077	0.00740887
0.902778	0.0249322	0.0249292	0.0117974
0.903333	0.024851	0.024851	0.0157887
0.903889	0.0247883	0.0247731	0.0192704
0.904444	0.0246627	0.0246954	0.0219938
0.905	0.0246321	0.0246179	0.023747
0.905556	0.0245325	0.0245407	0.024517
0.906111	0.0244891	0.0244637	0.0244203
0.906667	0.0244032	0.0243869	0.0235052
0.907222	0.024312	0.0243104	0.0216966
0.907778	0.0242574	0.0242342	0.0189583
0.908333	0.0241348	0.0241582	0.0154462
0.908889	0.0240997	0.0240824	0.0114415
0.909444	0.0240079	0.0240068	0.00714976
0.91	0.0239303	0.0239315	0.00263063
0.910556	0.023869	0.0238564	-0.00205775
0.911111	0.0237494	0.0237816	-0.00670277
0.911667	0.0237184	0.023707	-0.0109863
0.912222	0.023622	0.0236326	-0.0146806
0.912778	0.0235562	0.0235585	-0.01774
0.913333	0.0234896	0.0234846	-0.020178
0.913889	0.0233827	0.0234109	-0.0218991
0.914444	0.0233456	0.0233375	-0.0227094
0.915	0.0232455	0.0232643	-0.0224959
0.915556	0.0231903	0.0231913	-0.0213421
0.916111	0.0231193	0.0231186	-0.0194354
0.916667	0.0230238	0.023046	-0.0168839
0.917222	0.0229817	0.0229737	-0.0136759
0.917778	0.0228781	0.0229017	-0.00982706
0.918333	0.0228329	0.0228298	-0.00552167
0.918889	0.022758	0.0227582	-0.00106551
0.919444	0.0226731	0.0226868	0.00329689
0.92	0.0226266	0.0226157	0.0074789
0.920556	0.0225192	0.0225447	0.011452
0.921111	0.0224841	0.022474	0.0150829
0.921667	0.0224051	0.0224035	0.0181156
0.922222	0.0223307	0.0223332	0.0203259
0.922778	0.0222798	0.0222631	0.0216635
0.923333	0.0221682	0.0221933	0.0222159
0.923889	0.0224041	0.0221237	0.0220425
0.924444	0.0222869	0.0220543	0.0210817
0.925	0.0222583	0.0219851	0.0192415
0.925556	0.0221748	0.0219161	0.0165627
0.926111	0.0221007	0.0218474	0.013259
0.926667	0.0220506	0.0217789	0.00958395
0.927222	0.0219316	0.0217105	0.00567933
0.927778	0.0219145	0.0216424	0.00157418
0.928333	0.0218108	0.0215745	-0.00267152
0.928889	0.0217666	0.0215069	-0.00685363
0.929444	0.0216958	0.0214394	-0.0106773
0.93	0.0216073	0.0213721	-0.0139209
0.930556	0.021569	0.0213051	-0.0165295
0.931111	0.0214463	0.0212383	-0.0185394
0.931667	0.0214306	0.0211716	-0.0199262
0.932222	0.0213401	0.0211052	-0.0205505
0.932778	0.0212809	0.021039	-0.0202642
0.933333	0.0212223	0.020973	-0.0190587
0.933889	0.02112	0.0209072	-0.0170914
0.934444	0.0210931	0.0208416	-0.0145639
0.935	0.0209845	0.0207763	-0.0115828
0.935556	0.0209526	0.0207111	-0.00815138
0.936111	0.0208752	0.0206461	-0.00429432
0.936667	0.0208012	0.0205814	-0.000175783
0.937222	0.0207547	0.0205168	0.00392102
0.937778	0.0206389	0.0204524	0.00773457
0.938333	0.0206232	0.0203883	0.0111428
0.938889	0.0205284	0.0203243	0.014141
0.939444	0.0204808	0.0202606	0.0167112
0.94	0.0204162	0.020197	0.0187239
0.940556	0.0203277	0.0201336	0.0199781
0.941111	0.0202932	0.0200705	0.0203383
0.941667	0.0202945	0.0200075	0.0198324
0.942222	0.0202609	0.0199448	0.0186123
0.942778	0.0201893	0.0198822	0.0168197
0.943333	0.0201134	0.0198198	0.0144917
0.943889	0.0200729	0.0197577	0.011596
0.944444	0.0199551	0.0196957	0.00815697
0.945	0.0199453	0.0196339	0.00434373
0.945556	0.0198563	0.0195723	0.000430498
0.946111	0.0198069	0.0195109	-0.00333437
0.946667	0.0197483	0.0194497	-0.00682954
0.947222	0.0196578	0.0193887	-0.0100413
0.947778	0.0196293	0.0193279	-0.0129492
0.948333	0.0195239	0.0192672	-0.015431
0.948889	0.0194997	0.0192068	-0.0172792
0.949444	0.019424	0.0191465	-0.0183153
0.95	0.0193595	0.0190865	-0.0184989
0.950556	0.0193133	0.0190266	-0.017932
0.951111	0.0192089	0.0189669	-0.01676
0.951667	0.0191921	0.0189074	-0.0150586
0.952222	0.0191005	0.0188481	-0.0128082
0.952778	0.0190605	0.018789	-0.00997524
0.953333	0.0189978	0.01873	-0.00662283
0.953889	0.0189186	0.0186713	-0.00295179
0.954444	0.0188846	0.0186127	0.000767417
0.955	0.0187783	0.0185543	0.00431438
0.955556	0.0187612	0.0184961	0.00759143
0.956111	0.0186831	0.0184381	0.0105929
0.956667	0.0186278	0.0183803	0.0133033
0.957222	0.0185776	0.0183226	0.0156155
0.957778	0.0184844	0.0182651	0.0173389
0.958333	0.0184621	0.0182078	0.0182931
0.958889	0.0183697	0.0181507	0.0184105
0.959444	0.0179535	0.0180938	0.0177661
0.96	0.0179034	0.018037	0.0165135
0.960556	0.0178227	0.0179804	0.0147796
0.961111	0.0177924	0.017924	0.0126014
0.961667	0.0177186	0.0178678	0.00995222
0.962222	0.0176737	0.0178118	0.00683164
0.962778	0.0176194	0.0177559	0.0033472
0.963333	0.0175476	0.0177002	-0.000278683
0.963889	0.0175127	0.0176447	-0.00378285
0.964444	0.0174354	0.0175893	-0.00696306
0.965	0.0173985	0.0175341	-0.00973466
0.965556	0.0173403	0.0174791	-0.0121054
0.966111	0.017277	0.0174243	-0.0140918
0.966667	0.0172377	0.0173696	-0.0156424
0.967222	0.0171572	0.0173152	-0.0166241
0.967778	0.0171278	0.0172608	-0.016882
0.968333	0.017066	0.0172067	-0.0163306
0.968889	0.0170107	0.0171527	-0.0150113
0.969444	0.0169675	0.0170989	-0.0130792
0.97	0.0168865	0.0170453	-0.0107284
0.970556	0.0168617	0.0169918	-0.00810647
0.971111	0.0167965	0.0169385	-0.00527412
0.971667	0.0167489	0.0168854	-0.00223208
0.972222	0.0167019	0.0168324	0.00100583
0.972778	0.0166292	0.0167796	0.00434548
0.973333	0.0166004	0.016727	0.00759656
0.973889	0.0165321	0.0166745	0.0105193
0.974444	0.0164932	0.0166222	0.0129058
0.975	0.0164445	0.01657	0.0146476
0.975556	0.0163856	0.0165181	0.0157499
0.976111	0.0164225	0.0164662	0.0162894
0.976667	0.0171255	0.0164146	0.0163421
0.977222	0.017137	0.0163631	0.0159263
0.977778	0.0170746	0.0163118	0.0149943
0.978333	0.0170141	0.0162606	0.0134745
0.978889	0.0169809	0.0162096	0.0113393
0.979444	0.0168807	0.0161587	0.00865716
0.98	0.0168763	0.016108	0.00560084
0.980556	0.0167992	0.0160575	0.0024055
0.981111	0.0167613	0.0160071	-0.000700085
0.981667	0.0167131	0.0159569	-0.00355463
0.982222	0.0166362	0.0159069	-0.00608832
0.982778	0.0166169	0.015857	-0.00830117
0.983333	0.0165264	0.0158072	-0.0102108
0.983889	0.0165134	0.0157576	-0.0117989
0.984444	0.0164551	0.0157082	-0.0129852
0.985	0.0164141	0.0156589	-0.0136417
0.985556	0.0163986	0.0156098	-0.0136389
0.986111	0.0163576	0.0155608	-0.0129038
0.986667	0.0164155	0.015512	-0.0114599
0.987222	0.0164383	0.0154634	-0.00943236
0.987778	0.016626	0.0154149	-0.00701737
0.988333	0.0168025	0.0153665	-0.00442777
0.988889	0.0171472	0.0153183	-0.00183928
0.989444	0.0174653	0.0152703	0.000642536
0.99	0.0178091	0.0152224	0.00298345
0.990556	0.0180248	0.0151746	0.00519308
0.991111	0.0179905	0.015127	0.00728294
0.991667	0.0176377	0.0150795	0.00922886
0.992222	0.0169352	0.0150322	0.0109533
0.992778	0.0159456	0.0149851	0.0123336
0.993333	0.0148403	0.0149381	0.0132326
0.993889	0.0138449	0.0148912	0.0135385
0.994444	0.0133963	0.0148445	0.0131993
0.995	0.0130174	0.0147979	0.0122405
0.995556	0.0128609	0.0147515	0.0107598
0.996111	0.0131238	0.0147052	0.00890198
0.996667	0.0138337	0.0146591	0.00682451
0.997222	0.0148363	0.0146131	0.00466362
0.997778	0.0159072	0.0145673	0.00251246
0.998333	0.01674	0.0145216	0.000415888
0.998889	0.0171878	0.014476	-0.00161814
0.999444	0	0.0144306	0
