0	0.998896	1	-0.109218
0.000625	1.00812	1	0.0793284
0.00125	1.01006	1	0.296084
0.001875	1.00685	1	0.49821
0.0025	1.0039	1	0.675746
0.003125	1.00149	1	0.819952
0.00375	0.996363	1	0.923739
0.004375	0.996946	1	0.981978
0.005	0.994239	1	0.991823
0.005625	0.997051	1	0.952774
0.00625	0.998468	1	0.86676
0.006875	1.00145	1	0.738017
0.0075	1.00551	1	0.572881
0.008125	1.00584	1	0.379479
0.00875	1.01041	1	0.167348
0.009375	1.00977	1	-0.0530952
0.01	1.00932	1	-0.270963
0.010625	1.00805	1	-0.475561
0.01125	1.00253	1	-0.656792
0.011875	1.00196	1	-0.805749
0.0125	0.997357	1	-0.915085
0.013125	0.996518	1	-0.979437
0.01375	0.9956	1	-0.9956
0.014375	0.995762	1	-0.962835
0.015	0.999052	1	-0.882682
0.015625	0.999304	1	-0.759166
0.01625	1.00527	1	-0.598293
0.016875	1.00672	1	-0.408052
0.0175	1.00949	1	-0.197741
0.018125	1.01084	1	0.0222088
0.01875	1.00782	1	0.241064
0.019375	1.00854	1	0.447929
0.02	1.00423	1	0.632765
0.020625	1.00172	1	0.78631
0.02125	0.998964	1	0.901171
0.021875	0.995354	1	0.971528
0.0225	0.996266	1	0.994083
0.023125	0.994011	1	0.967551
0.02375	0.998679	1	0.893434
0.024375	1.00013	1	0.775155
0.025	1.00412	1	0.618795
0.025625	1.00742	1	0.43177
0.02625	1.00767	1	0.223586
0.026875	1.01094	1	0.00418832
0.0275	1.00898	1	-0.215314
0.028125	1.00809	1	-0.424429
0.02875	1.00571	1	-0.612527
0.029375	1.0006	1	-0.770711
0.03	0.999644	1	-0.890794
0.030625	0.995033	1	-0.967295
0.03125	0.995992	1	-0.995992
0.031875	0.995664	1	-0.975942
0.0325	0.997552	1	-0.907655
0.033125	1.00093	1	-0.794976
0.03375	1.00222	1	-0.642956
0.034375	1.00744	1	-0.459599
0.035	1.00788	1	-0.253384
0.035625	1.01029	1	-0.0350401
0.03625	1.01032	1	0.185283
0.036875	1.00684	1	0.396122
0.0375	1.00648	1	0.587721
0.038125	1.0013	1	0.75002
0.03875	0.999628	1	0.875657
0.039375	0.996808	1	0.957813
0.04	0.994982	1	0.993086
0.040625	0.996324	1	0.979085
0.04125	0.995504	1	0.917166
0.041875	1.00076	1	0.809703
0.0425	1.00199	1	0.662663
0.043125	1.00659	1	0.482615
0.04375	1.00887	1	0.279081
0.044375	1.00878	1	0.0614437
0.045	1.01068	1	-0.158966
0.045625	1.00739	1	-0.371891
0.04625	1.00628	1	-0.566272
0.046875	1.00306	1	-0.733098
0.0475	0.998756	1	-0.863613
0.048125	0.997691	1	-0.951913
0.04875	0.993278	1	-0.993159
0.049375	0.99624	1	-0.985768
0.05	0.99624	1	-0.929712
0.050625	0.999787	1	-0.82808
0.05125	1.00304	1	-0.685607
0.051875	1.00497	1	-0.509524
0.0525	1.00922	1	-0.308328
0.053125	1.0084	1	-0.0920529
0.05375	1.0103	1	0.128733
0.054375	1.00896	1	0.34314
0.055	1.00524	1	0.540557
0.055625	1.00408	1	0.711405
0.05625	0.998368	1	0.847045
0.056875	0.997933	1	0.941108
0.0575	0.99523	1	0.988584
0.058125	0.995339	1	0.987575
0.05875	0.997	1	0.937634
0.059375	0.997865	1	0.841776
0.06	1.00305	1	0.7041
0.060625	1.00388	1	0.532076
0.06125	1.00869	1	0.333408
0.061875	1.00974	1	0.118713
0.0625	1.00915	1	-0.102337
0.063125	1.00957	1	-0.317907
0.06375	1.00508	1	-0.518379
0.064375	1.00405	1	-0.692855
0.065	1.00037	1	-0.833794
0.065625	0.997257	1	-0.933196
0.06625	0.996384	1	-0.987235
0.066875	0.993808	1	-0.992176
0.0675	0.99711	1	-0.948855
0.068125	0.99728	1	-0.858325
0.06875	1.00217	1	-0.726114
0.069375	1.0051	1	-0.557686
0.07	1.00727	1	-0.36233
0.070625	1.01048	1	-0.148736
0.07125	1.00822	1	0.0717346
0.071875	1.00959	1	0.288984
0.0725	1.00684	1	0.491648
0.073125	1.00317	1	0.670331
0.07375	1.00146	1	0.815741
0.074375	0.995702	1	0.921119
0.075	0.996823	1	0.980985
0.075625	0.994454	1	0.99256
0.07625	0.996536	1	0.955242
0.076875	0.998251	1	0.870757
0.0775	1.00051	1	0.743522
0.078125	1.00517	1	0.579402
0.07875	1.00546	1	0.38701
0.079375	1.01013	1	0.175161
0.08	1.01001	1	-0.044942
0.080625	1.00889	1	-0.263342
0.08125	1.00789	1	-0.468307
0.081875	1.00212	1	-0.650819
0.0825	1.00156	1	-0.80073
0.083125	0.997683	1	-0.911906
0.08375	0.996088	1	-0.97755
0.084375	0.995812	1	-0.995812
0.085	0.995172	1	-0.96438
0.085625	0.998819	1	-0.886214
0.08625	0.998733	1	-0.763778
0.086875	1.00462	1	-0.604434
0.0875	1.00666	1	-0.414759
0.088125	1.00873	1	-0.205282
0.08875	1.01084	1	0.0147868
0.089375	1.00746	1	0.23361
0.09	1.00841	1	0.4413
0.090625	1.00443	1	0.626882
0.09125	1.00121	1	0.781812
0.091875	0.998849	1	0.898045
0.0925	0.994506	1	0.970085
0.093125	0.996042	1	0.99436
0.09375	0.994436	1	0.969493
0.094375	0.998355	1	0.897098
0.095	1.00027	1	0.780151
0.095625	1.00356	1	0.62518
0.09625	1.00718	1	0.438881
0.096875	1.00676	1	0.231507
0.0975	1.01049	1	0.0120533
0.098125	1.00922	1	-0.207336
0.09875	1.00762	1	-0.417313
0.099375	1.00594	1	-0.605991
0.1	1.00011	1	-0.765698
0.100625	0.999584	1	-0.88692
0.10125	0.99525	1	-0.965332
0.101875	0.995478	1	-0.995478
0.1025	0.995532	1	-0.977386
0.103125	0.996665	1	-0.91055
0.10375	1.00078	1	-0.79951
0.104375	1.00133	1	-0.648658
0.105	1.0073	1	-0.466302
0.105625	1.00811	1	-0.260746
0.10625	1.00986	1	-0.0425663
0.106875	1.01009	1	0.177723
0.1075	1.00593	1	0.389289
0.108125	1.00612	1	0.58145
0.10875	1.00183	1	0.745273
0.109375	0.999408	1	0.871903
0.11	0.997215	1	0.956144
0.110625	0.994663	1	0.992584
0.11125	0.99616	1	0.980888
0.111875	0.994635	1	0.920018
0.1125	1.00008	1	0.814696
0.113125	1.00207	1	0.668315
0.11375	1.00592	1	0.489899
0.114375	1.00913	1	0.286432
0.115	1.00833	1	0.0696736
0.115625	1.01071	1	-0.151349
0.11625	1.00752	1	-0.364243
0.116875	1.00574	1	-0.559869
0.1175	1.00292	1	-0.727459
0.118125	0.99788	1	-0.859653
0.11875	0.997708	1	-0.949336
0.119375	0.994044	1	-0.992384
0.12	0.996218	1	-0.986718
0.120625	0.996517	1	-0.932242
0.12125	0.999362	1	-0.832337
0.121875	1.00272	1	-0.690919
0.1225	1.00398	1	-0.516228
0.123125	1.00871	1	-0.31535
0.12375	1.0088	1	-0.0998808
0.124375	1.00997	1	0.121418
0.125	1.00935	1	0.335715
0.125625	1.00492	1	0.534435
0.12625	1.00405	1	0.705829
0.126875	0.998594	1	0.843362
0.1275	0.997444	1	0.938478
0.128125	0.995303	1	0.988101
0.12875	0.994645	1	0.988419
0.129375	0.997077	1	0.940491
0.13	0.997166	1	0.845942
0.130625	1.00295	1	0.70979
0.13125	1.00413	1	0.538766
0.131875	1.00827	1	0.340868
0.1325	1.00967	1	0.126643
0.133125	1.00842	1	-0.0945192
0.13375	1.00938	1	-0.310262
0.134375	1.00558	1	-0.511687
0.135	1.00381	1	-0.686957
0.135625	1.00077	1	-0.8295
0.13625	0.996915	1	-0.930168
0.136875	0.996498	1	-0.986139
0.1375	0.993241	1	-0.99259
0.138125	0.996863	1	-0.95113
0.13875	0.997298	1	-0.862087
0.139375	1.00146	1	-0.731278
0.14	1.00497	1	-0.56405
0.140625	1.00639	1	-0.369337
0.14125	1.01047	1	-0.156457
0.141875	1.00888	1	0.0642964
0.1425	1.00959	1	0.28141
0.143125	1.00707	1	0.485274
0.14375	1.00275	1	0.664382
0.144375	1.00116	1	0.811713
0.145	0.996066	1	0.917964
0.145625	0.996389	1	0.980122
0.14625	0.995007	1	0.992829
0.146875	0.996296	1	0.957744
0.1475	0.998663	1	0.874416
0.148125	1.00023	1	0.748933
0.14875	1.00497	1	0.585758
0.149375	1.00536	1	0.3943
0.15	1.00934	1	0.183011
0.150625	1.01001	1	-0.0371837
0.15125	1.00813	1	-0.255479
0.151875	1.00826	1	-0.461593
0.1525	1.00305	1	-0.644421
0.153125	1.00182	1	-0.796376
0.15375	0.997881	1	-0.90816
0.154375	0.995617	1	-0.976411
0.155	0.995401	1	-0.995401
0.155625	0.994069	1	-0.966674
0.15625	0.998299	1	-0.889177
0.156875	0.99936	1	-0.769058
0.1575	1.00446	1	-0.61015
0.158125	1.00723	1	-0.422004
0.15875	1.00861	1	-0.212592
0.159375	1.01082	1	0.00698499
0.16	1.00751	1	0.226168
0.160625	1.0078	1	0.434466
0.16125	1.00451	1	0.620784
0.161875	1.00053	1	0.77729
0.1625	0.999217	1	0.8945
0.163125	0.994109	1	0.968776
0.16375	0.996278	1	0.994073
0.164375	0.994777	1	0.971677
0.165	0.998022	1	0.900141
0.165625	1.00006	1	0.785422
0.16625	1.00266	1	0.63098
0.166875	1.0069	1	0.446236
0.1675	1.00683	1	0.238947
0.168125	1.01037	1	0.0200948
0.16875	1.00977	1	-0.199705
0.169375	1.00746	1	-0.410109
0.17	1.00612	1	-0.59966
0.170625	0.999703	1	-0.760686
0.17125	0.999354	1	-0.883131
0.171875	0.99551	1	-0.96344
0.1725	0.994984	1	-0.994984
0.173125	0.995535	1	-0.978929
0.17375	0.995907	1	-0.913463
0.174375	1.00063	1	-0.80414
0.175	1.00139	1	-0.654424
0.175625	1.00712	1	-0.473078
0.17625	1.00853	1	-0.268244
0.176875	1.00963	1	-0.0501418
0.1775	1.01018	1	0.169963
0.178125	1.00575	1	0.382399
0.17875	1.00577	1	0.574968
0.179375	1.00203	1	0.740402
0.18	0.998818	1	0.868001
0.180625	0.997517	1	0.954227
0.18125	0.994146	1	0.992067
0.181875	0.996492	1	0.982279
0.1825	0.995075	1	0.923039
0.183125	0.999987	1	0.819099
0.18375	1.00193	1	0.674342
0.184375	1.00513	1	0.496435
0.185	1.0087	1	0.294337
0.185625	1.00754	1	0.0770622
0.18625	1.01056	1	-0.143072
0.186875	1.00844	1	-0.357433
0.1875	1.00594	1	-0.552821
0.188125	1.00348	1	-0.722521
0.18875	0.997795	1	-0.85522
0.189375	0.997404	1	-0.947184
0.19	0.993962	1	-0.991446
0.190625	0.995351	1	-0.98773
0.19125	0.996322	1	-0.934993
0.191875	0.99833	1	-0.836285
0.1925	1.00298	1	-0.696822
0.193125	1.0034	1	-0.522329
0.19375	1.00916	1	-0.32324
0.194375	1.00924	1	-0.106945
0.195	1.00985	1	0.113101
0.195625	1.009	1	0.329059
0.19625	1.00397	1	0.527334
0.196875	1.00351	1	0.700873
0.1975	0.999262	1	0.838883
0.198125	0.997249	1	0.936188
0.19875	0.99616	1	0.987132
0.199375	0.994713	1	0.98925
0.2	0.997398	1	0.943226
0.200625	0.996829	1	0.849759
0.20125	1.00245	1	0.715683
0.201875	1.00392	1	0.544869
0.2025	1.00735	1	0.348744
0.203125	1.0097	1	0.133895
0.20375	1.00766	1	-0.0862212
0.204375	1.00971	1	-0.303223
0.205	1.00641	1	-0.5046
0.205625	1.00396	1	-0.681478
0.20625	1.00097	1	-0.824991
0.206875	0.996477	1	-0.927323
0.2075	0.996216	1	-0.985042
0.208125	0.992969	1	-0.992969
0.20875	0.996477	1	-0.953594
0.209375	0.99747	1	-0.865672
0.21	1.00088	1	-0.736746
0.210625	1.00504	1	-0.5702
0.21125	1.0057	1	-0.376682
0.211875	1.01046	1	-0.164008
0.2125	1.00945	1	0.0565349
0.213125	1.0095	1	0.273926
0.21375	1.00742	1	0.478602
0.214375	1.00246	1	0.658464
0.215	1.00113	1	0.807382
0.215625	0.996374	1	0.91484
0.21625	0.995931	1	0.978901
0.216875	0.995212	1	0.993197
0.2175	0.995669	1	0.959799
0.218125	0.998945	1	0.878281
0.21875	0.999699	1	0.753818
0.219375	1.00524	1	0.592402
0.22	1.00582	1	0.401073
0.220625	1.00921	1	0.191119
0.22125	1.00983	1	-0.0297789
0.221875	1.00734	1	-0.247554
0.2225	1.00783	1	-0.454903
0.223125	1.0037	1	-0.638304
0.22375	1.0016	1	-0.79161
0.224375	0.9988	1	-0.905109
0.225	0.995743	1	-0.97444
0.225625	0.996027	1	-0.996027
0.22625	0.994139	1	-0.967883
0.226875	0.998613	1	-0.893318
0.2275	0.999214	1	-0.773269
0.228125	1.00375	1	-0.616914
0.22875	1.00661	1	-0.428482
0.229375	1.00729	1	-0.220566
0.23	1.01054	1	-0.000583064
0.230625	1.00869	1	0.218609
0.23125	1.00815	1	0.427237
0.231875	1.0056	1	0.615134
0.2325	1.00097	1	0.771825
0.233125	0.999404	1	0.891814
0.23375	0.994006	1	0.966213
0.234375	0.995524	1	0.994788
0.235	0.994582	1	0.972622
0.235625	0.996975	1	0.904015
0.23625	1.00034	1	0.78979
0.236875	1.00204	1	0.637187
0.2375	1.00754	1	0.453226
0.238125	1.00771	1	0.246273
0.23875	1.01068	1	0.0283224
0.239375	1.00979	1	-0.19262
0.24	1.00696	1	-0.402334
0.240625	1.00562	1	-0.594079
0.24125	1.00013	1	-0.754994
0.241875	0.99892	1	-0.880021
0.2425	0.996298	1	-0.961033
0.243125	0.994884	1	-0.994884
0.24375	0.9959	1	-0.980299
0.244375	0.995427	1	-0.916408
0.245	1.00084	1	-0.808961
0.245625	1.00192	1	-0.65993
0.24625	1.007	1	-0.480295
0.246875	1.00869	1	-0.275367
0.2475	1.00917	1	-0.0582312
0.248125	1.01011	1.00003	0.162513
0.24875	1.00617	1.00013	0.375051
0.249375	1.00494	1.00042	0.568418
0.25	0.999858	1	0.734104
0.250625	0.993595	0.996891	0.861237
0.25125	0.991553	0.993082	0.947527
0.251875	0.985249	0.989478	0.984997
0.2525	0.98454	0.985966	0.975501
0.253125	0.97956	0.982483	0.916907
0.25375	0.976589	0.979016	0.814387
0.254375	0.973181	0.975561	0.672506
0.255	0.967862	0.972119	0.498032
0.255625	0.966439	0.968689	0.301398
0.25625	0.961511	0.965271	0.0898429
0.256875	0.959437	0.961865	-0.122994
0.2575	0.956342	0.958472	-0.329967
0.258125	0.951981	0.95509	-0.517922
0.25875	0.950289	0.95172	-0.680139
0.259375	0.943999	0.948362	-0.80743
0.26	0.943276	0.945016	-0.894071
0.260625	0.938499	0.941681	-0.936964
0.26125	0.936019	0.938359	-0.93244
0.261875	0.932964	0.935048	-0.883663
0.2625	0.927681	0.931748	-0.790363
0.263125	0.926294	0.928461	-0.660371
0.26375	0.921462	0.925185	-0.497831
0.264375	0.919322	0.921921	-0.312672
0.265	0.91642	0.918668	-0.113417
0.265625	0.912029	0.915426	0.0904047
0.26625	0.910711	0.912196	0.287399
0.266875	0.905085	0.908978	0.470101
0.2675	0.904144	0.90577	0.627006
0.268125	0.899796	0.902575	0.753334
0.26875	0.896739	0.89939	0.84065
0.269375	0.89394	0.896217	0.886761
0.27	0.888711	0.893054	0.888759
0.270625	0.887734	0.889903	0.846794
0.27125	0.883421	0.886763	0.764272
0.271875	0.881208	0.883635	0.643691
0.2725	0.878506	0.880517	0.493599
0.273125	0.874205	0.87741	0.319044
0.27375	0.872807	0.874314	0.131087
0.274375	0.867277	0.871229	-0.0627245
0.275	0.866295	0.868155	-0.251865
0.275625	0.862196	0.865092	-0.427122
0.27625	0.859123	0.86204	-0.580875
0.276875	0.856711	0.858998	-0.704072
0.2775	0.851516	0.855967	-0.793048
0.278125	0.850902	0.852947	-0.841342
0.27875	0.846899	0.849937	-0.849016
0.279375	0.844305	0.846939	-0.814351
0.28	0.84175	0.84395	-0.740219
0.280625	0.837431	0.840972	-0.630547
0.28125	0.836415	0.838005	-0.490095
0.281875	0.831572	0.835048	-0.327562
0.2825	0.830377	0.832102	-0.149042
0.283125	0.826717	0.829166	0.0344261
0.28375	0.823594	0.82624	0.215743
0.284375	0.821261	0.823325	0.384612
0.285	0.816179	0.82042	0.533498
0.285625	0.815388	0.817525	0.65541
0.28625	0.811489	0.814641	0.743579
0.286875	0.809192	0.811766	0.79552
0.2875	0.806872	0.808902	0.806979
0.288125	0.802623	0.806048	0.779669
0.28875	0.801644	0.803204	0.713514
0.289375	0.796935	0.80037	0.613152
0.29	0.795712	0.797546	0.483386
0.290625	0.792217	0.794732	0.330358
0.29125	0.789118	0.791928	0.162892
0.291875	0.787013	0.789134	-0.0123474
0.2925	0.782005	0.786349	-0.184824
0.293125	0.781453	0.783575	-0.347871
0.29375	0.777876	0.78081	-0.492176
0.294375	0.775554	0.778055	-0.611531
0.295	0.773385	0.77531	-0.700262
0.295625	0.769222	0.772574	-0.753483
0.29625	0.768259	0.769848	-0.770179
0.296875	0.763964	0.767132	-0.748088
0.2975	0.762519	0.764425	-0.690319
0.298125	0.759619	0.761728	-0.598467
0.29875	0.756411	0.75904	-0.478256
0.299375	0.754619	0.756362	-0.335496
0.3	0.749668	0.753693	-0.176918
0.300625	0.749068	0.751034	-0.0114916
0.30125	0.745403	0.748384	0.154125
0.301875	0.743105	0.745744	0.310135
0.3025	0.740954	0.743112	0.450466
0.303125	0.73682	0.74049	0.567248
0.30375	0.73611	0.737878	0.655389
0.304375	0.732234	0.735274	0.710988
0.305	0.730765	0.73268	0.730678
0.305625	0.727992	0.730095	0.71509
0.30625	0.724833	0.727519	0.663675
0.306875	0.723152	0.724952	0.580697
0.3075	0.718361	0.722394	0.46932
0.308125	0.717823	0.719845	0.335779
0.30875	0.71444	0.717305	0.186882
0.309375	0.712121	0.714774	0.0293129
0.31	0.710172	0.712252	-0.127911
0.310625	0.706102	0.709739	-0.278545
0.31125	0.705494	0.707235	-0.413811
0.311875	0.701805	0.704739	-0.528293
0.3125	0.700313	0.702253	-0.615932
0.313125	0.697682	0.699775	-0.672566
0.31375	0.694568	0.697306	-0.696304
0.314375	0.693246	0.694845	-0.685065
0.315	0.688939	0.692394	-0.641039
0.315625	0.688259	0.689951	-0.565264
0.31625	0.685019	0.687516	-0.462733
0.316875	0.682719	0.68509	-0.338129
0.3175	0.68064	0.682673	-0.19765
0.318125	0.676703	0.680264	-0.0489696
0.31875	0.675898	0.677864	0.101672
0.319375	0.672449	0.675472	0.245537
0.32	0.670836	0.673089	0.376881
0.320625	0.668656	0.670714	0.488396
0.32125	0.665426	0.668348	0.575186
0.321875	0.664379	0.66599	0.633325
0.3225	0.660312	0.66364	0.659446
0.323125	0.659567	0.661298	0.65361
0.32375	0.656534	0.658965	0.615051
0.324375	0.654235	0.65664	0.547061
0.325	0.652321	0.654323	0.452372
0.325625	0.648454	0.652014	0.33611
0.32625	0.647756	0.649714	0.204424
0.326875	0.644509	0.647421	0.0630862
0.3275	0.642875	0.645137	-0.0797642
0.328125	0.640838	0.64286	-0.218323
0.32875	0.637656	0.640592	-0.344782
0.329375	0.636708	0.638332	-0.453651
0.33	0.63288	0.63608	-0.539619
0.330625	0.632074	0.633835	-0.598167
0.33125	0.629243	0.631599	-0.627521
0.331875	0.626968	0.62937	-0.6253
0.3325	0.625511	0.62715	-0.592966
0.333125	0.621604	0.624937	-0.531457
0.33375	0.621099	0.622732	-0.444402
0.334375	0.617814	0.620535	-0.336395
0.335	0.616222	0.618345	-0.212239
0.335625	0.614041	0.616163	-0.0791412
0.33625	0.610954	0.613989	0.0574228
0.336875	0.609946	0.611823	0.18974
0.3375	0.606524	0.609664	0.311971
0.338125	0.605538	0.607513	0.418062
0.33875	0.603221	0.60537	0.502523
0.339375	0.600784	0.603234	0.562183
0.34	0.599466	0.601105	0.593236
0.340625	0.595629	0.598984	0.595395
0.34125	0.595236	0.596871	0.567986
0.341875	0.592168	0.594765	0.512893
0.3425	0.590556	0.592666	0.433201
0.343125	0.58852	0.590575	0.332345
0.34375	0.585485	0.588491	0.216381
0.344375	0.584548	0.586415	0.0900786
0.345	0.581295	0.584346	-0.039435
0.345625	0.580276	0.582284	-0.166256
0.34625	0.578103	0.58023	-0.284193
0.346875	0.575684	0.578182	-0.387024
0.3475	0.574496	0.576142	-0.47066
0.348125	0.570728	0.574109	-0.530135
0.34875	0.570447	0.572084	-0.563595
0.349375	0.56759	0.570065	-0.569009
0.35	0.565927	0.568054	-0.546421
0.350625	0.564329	0.566049	-0.49751
0.35125	0.561226	0.564052	-0.424104
0.351875	0.560518	0.562062	-0.33093
0.3525	0.557282	0.560079	-0.221799
0.353125	0.556278	0.558103	-0.102806
0.35375	0.553991	0.556133	0.020331
0.354375	0.551652	0.554171	0.141824
0.355	0.550377	0.552216	0.255037
0.355625	0.546915	0.550267	0.355376
0.35625	0.546471	0.548326	0.437117
0.356875	0.544048	0.546391	0.497024
0.3575	0.542272	0.544463	0.532076
0.358125	0.540812	0.542542	0.540497
0.35875	0.53775	0.540628	0.522694
0.359375	0.537175	0.53872	0.478862
0.36	0.534176	0.53682	0.412203
0.360625	0.533126	0.534925	0.325511
0.36125	0.531003	0.533038	0.223427
0.361875	0.528689	0.531157	0.111283
0.3625	0.527493	0.529283	-0.00595457
0.363125	0.524168	0.527416	-0.121656
0.36375	0.523689	0.525555	-0.230994
0.364375	0.521375	0.5237	-0.328031
0.365	0.519609	0.521853	-0.408317
0.365625	0.518256	0.520011	-0.468251
0.36625	0.515242	0.518176	-0.50443
0.366875	0.514778	0.516348	-0.516065
0.3675	0.5119	0.514526	-0.501953
0.368125	0.510719	0.512711	-0.463537
0.36875	0.50899	0.510902	-0.402699
0.369375	0.506568	0.509099	-0.322321
0.37	0.505744	0.507303	-0.22711
0.370625	0.502691	0.505513	-0.121036
0.37125	0.502132	0.503729	-0.010146
0.371875	0.499878	0.501952	0.100586
0.3725	0.498144	0.500181	0.205625
0.373125	0.4967	0.498416	0.29953
0.37375	0.493795	0.496657	0.378424
0.374375	0.4932	0.494905	0.43775
0.375	0.490591	0.493159	0.475435
0.375625	0.489418	0.491419	0.489372
0.37625	0.487749	0.489685	0.479047
0.376875	0.485376	0.487957	0.445542
0.3775	0.484616	0.486235	0.389977
0.378125	0.481795	0.48452	0.316004
0.37875	0.481164	0.48281	0.226762
0.379375	0.479127	0.481107	0.127033
0.38	0.47737	0.479409	0.021905
0.380625	0.476094	0.477718	-0.0839168
0.38125	0.473227	0.476032	-0.184516
0.381875	0.472722	0.474352	-0.275716
0.3825	0.470212	0.472679	-0.352593
0.383125	0.469048	0.471011	-0.411626
0.38375	0.467421	0.469349	-0.450297
0.384375	0.465109	0.467693	-0.466271
0.385	0.464542	0.466043	-0.459654
0.385625	0.461704	0.464398	-0.430277
0.38625	0.46107	0.46276	-0.38012
0.386875	0.45906	0.461127	-0.311804
0.3875	0.457306	0.4595	-0.228415
0.388125	0.456153	0.457879	-0.134805
0.38875	0.453283	0.456263	-0.0349375
0.389375	0.452992	0.454653	0.0657064
0.39	0.45085	0.453049	0.162382
0.390625	0.449568	0.45145	0.250567
0.39125	0.448206	0.449858	0.325466
0.391875	0.445862	0.44827	0.384186
0.3925	0.445231	0.446689	0.423328
0.393125	0.442603	0.445113	0.441482
0.39375	0.441924	0.443542	0.437908
0.394375	0.440036	0.441977	0.41256
0.395	0.438306	0.440418	0.367459
0.395625	0.437188	0.438864	0.304291
0.39625	0.434406	0.437315	0.22678
0.396875	0.434087	0.435772	0.138667
0.3975	0.432023	0.434235	0.0441348
0.398125	0.430746	0.432702	-0.051605
0.39875	0.429481	0.431176	-0.144505
0.399375	0.427165	0.429654	-0.229449
0.4	0.426652	0.428138	-0.302625
0.400625	0.424261	0.426628	-0.360598
0.40125	0.423519	0.425122	-0.400209
0.401875	0.421813	0.423622	-0.420266
0.4025	0.419918	0.422128	-0.419308
0.403125	0.419065	0.420638	-0.397932
0.40375	0.416471	0.419154	-0.357278
0.404375	0.416148	0.417675	-0.299167
0.405	0.414258	0.416201	-0.22714
0.405625	0.412953	0.414733	-0.144205
0.40625	0.411734	0.41327	-0.0549819
0.406875	0.409468	0.411811	0.0362624
0.4075	0.408905	0.410358	0.125246
0.408125	0.406556	0.408911	0.207114
0.40875	0.405795	0.407468	0.278517
0.409375	0.404175	0.40603	0.335505
0.41	0.402429	0.404597	0.375622
0.410625	0.401558	0.40317	0.397142
0.41125	0.399076	0.401747	0.3987
0.411875	0.398714	0.40033	0.380959
0.4125	0.396964	0.398917	0.344381
0.413125	0.395637	0.39751	0.291193
0.41375	0.394578	0.396107	0.224178
0.414375	0.392315	0.39471	0.146338
0.415	0.391908	0.393317	0.0621439
0.415625	0.389748	0.391929	-0.0247821
0.41625	0.388952	0.390546	-0.109817
0.416875	0.387438	0.389168	-0.188798
0.4175	0.385722	0.387795	-0.258229
0.418125	0.384873	0.386427	-0.314221
0.41875	0.382442	0.385063	-0.354678
0.419375	0.382077	0.383705	-0.377363
0.42	0.380369	0.382351	-0.38132
0.420625	0.37925	0.381002	-0.366794
0.42125	0.378202	0.379657	-0.334098
0.421875	0.375996	0.378318	-0.285521
0.4225	0.375557	0.376983	-0.223186
0.423125	0.373495	0.375653	-0.150303
0.42375	0.372662	0.374327	-0.070809
0.424375	0.371278	0.373007	0.0118617
0.425	0.369538	0.371691	0.0930823
0.425625	0.368845	0.370379	0.169247
0.42625	0.366667	0.369072	0.236598
0.426875	0.3662	0.36777	0.291613
0.4275	0.364687	0.366472	0.332183
0.428125	0.363337	0.365179	0.355884
0.42875	0.362454	0.363891	0.362031
0.429375	0.360247	0.362607	0.350401
0.43	0.35996	0.361327	0.321405
0.430625	0.358066	0.360053	0.277093
0.43125	0.357208	0.358782	0.219226
0.431875	0.355907	0.357516	0.151076
0.4325	0.354206	0.356255	0.0760403
0.433125	0.353516	0.354998	-0.00245079
0.43375	0.351368	0.353745	-0.0800169
0.434375	0.35091	0.352497	-0.153361
0.435	0.349424	0.351253	-0.218608
0.435625	0.348103	0.350014	-0.272598
0.43625	0.347269	0.348779	-0.313088
0.436875	0.345103	0.347548	-0.337679
0.4375	0.344895	0.346322	-0.345757
0.438125	0.343165	0.3451	-0.336781
0.43875	0.342282	0.343882	-0.311248
0.439375	0.341078	0.342669	-0.270889
0.44	0.339372	0.34146	-0.217283
0.440625	0.338784	0.340255	-0.153599
0.44125	0.336832	0.339055	-0.0828342
0.441875	0.336295	0.337858	-0.00838544
0.4425	0.334971	0.336666	0.0656682
0.443125	0.333614	0.335478	0.136199
0.44375	0.332893	0.334295	0.19937
0.444375	0.33074	0.333115	0.252261
0.445	0.33059	0.33194	0.292544
0.445625	0.328983	0.330769	0.317897
0.44625	0.328056	0.329602	0.327671
0.446875	0.326984	0.328439	0.321156
0.4475	0.325292	0.32728	0.298833
0.448125	0.324756	0.326125	0.262176
0.44875	0.32283	0.324974	0.212623
0.449375	0.322314	0.323828	0.153157
0.45	0.320979	0.322685	0.086509
0.450625	0.319677	0.321546	0.0159473
0.45125	0.318937	0.320412	-0.0546972
0.451875	0.316909	0.319281	-0.122434
0.4525	0.316707	0.318155	-0.183551
0.453125	0.315253	0.317032	-0.235255
0.45375	0.314286	0.315914	-0.275231
0.454375	0.313378	0.314799	-0.301196
0.455	0.311668	0.313688	-0.312447
0.455625	0.311237	0.312581	-0.308204
0.45625	0.309442	0.311479	-0.288831
0.456875	0.308879	0.31038	-0.255642
0.4575	0.307655	0.309284	-0.209919
0.458125	0.306336	0.308193	-0.154429
0.45875	0.305684	0.307106	-0.0917359
0.459375	0.303796	0.306022	-0.0248888
0.46	0.303532	0.304942	0.0424516
0.460625	0.302188	0.303866	0.107437
0.46125	0.301195	0.302794	0.166535
0.461875	0.30037	0.301726	0.216983
0.4625	0.298666	0.300661	0.256575
0.463125	0.298339	0.2996	0.283026
0.46375	0.29668	0.298543	0.295565
0.464375	0.296095	0.29749	0.293424
0.465	0.294931	0.29644	0.276764
0.465625	0.293647	0.295394	0.246829
0.46625	0.292985	0.294352	0.204736
0.466875	0.291104	0.293314	0.152998
0.4675	0.290856	0.292279	0.0941155
0.468125	0.289519	0.291247	0.0308321
0.46875	0.288555	0.29022	-0.0333086
0.469375	0.287758	0.289196	-0.0955751
0.47	0.28609	0.288175	-0.152683
0.470625	0.285819	0.287158	-0.201811
0.47125	0.284347	0.286145	-0.240927
0.471875	0.2837	0.285136	-0.267745
0.4725	0.282709	0.28413	-0.281377
0.473125	0.281423	0.283127	-0.281167
0.47375	0.280836	0.282128	-0.267004
0.474375	0.279058	0.281133	-0.240091
0.475	0.278771	0.280141	-0.201438
0.475625	0.277505	0.279152	-0.153223
0.47625	0.276536	0.278167	-0.0979795
0.476875	0.275785	0.277186	-0.0381224
0.4775	0.27414	0.276208	0.022954
0.478125	0.2739	0.275233	0.0825341
0.47875	0.272534	0.274262	0.137689
0.479375	0.271848	0.273294	0.185477
0.48	0.270959	0.27233	0.224019
0.480625	0.269627	0.271369	0.251134
0.48125	0.269194	0.270412	0.265691
0.481875	0.267564	0.269458	0.267239
0.4825	0.267239	0.268507	0.255412
0.483125	0.266052	0.267559	0.231279
0.48375	0.265097	0.266615	0.195905
0.484375	0.264356	0.265675	0.151022
0.485	0.262777	0.264737	0.0992321
0.485625	0.26249	0.263803	0.0427178
0.48625	0.261115	0.262872	-0.0154358
0.486875	0.260462	0.261945	-0.0723681
0.4875	0.259573	0.261021	-0.125563
0.488125	0.258282	0.2601	-0.172032
0.48875	0.257872	0.259182	-0.209872
0.489375	0.256403	0.258267	-0.237202
0.49	0.256014	0.257356	-0.25255
0.490625	0.254993	0.256448	-0.25563
0.49125	0.254037	0.255543	-0.246016
0.491875	0.253411	0.254642	-0.22442
0.4925	0.251827	0.253743	-0.192125
0.493125	0.251614	0.252848	-0.150438
0.49375	0.250302	0.251956	-0.101854
0.494375	0.249647	0.251067	-0.0486014
0.495	0.248779	0.250181	0.00675208
0.495625	0.247523	0.249298	0.0611549
0.49625	0.247104	0.248419	0.112333
0.496875	0.245689	0.247542	0.157549
0.4975	0.245281	0.246669	0.194602
0.498125	0.244322	0.245798	0.222015
0.49875	0.243316	0.244931	0.238123
0.499375	0.242798	0.244067	0.242495
0.5	0.241249	0.243206	0.234978
0.500625	0.241115	0.242347	0.215774
0.50125	0.239972	0.241492	0.186292
0.501875	0.239269	0.24064	0.147745
0.5025	0.238522	0.239791	0.102149
0.503125	0.237262	0.238945	0.0520104
0.50375	0.236904	0.238102	-0.000550231
0.504375	0.235506	0.237262	-0.0526133
0.505	0.235124	0.236425	-0.101717
0.505625	0.234138	0.235591	-0.145661
0.50625	0.233191	0.234759	-0.181961
0.506875	0.232623	0.233931	-0.209222
0.5075	0.231114	0.233106	-0.226056
0.508125	0.230967	0.232283	-0.231544
0.50875	0.229341	0.231464	-0.22585
0.509375	0.228597	0.230647	-0.208997
0.51	0.22797	0.229833	-0.182021
0.510625	0.226676	0.229022	-0.14647
0.51125	0.226447	0.228214	-0.103805
0.511875	0.225226	0.227409	-0.0565095
0.5125	0.22477	0.226606	-0.00679848
0.513125	0.223921	0.225807	0.0430134
0.51375	0.22294	0.22501	0.0901433
0.514375	0.222458	0.224216	0.132636
0.515	0.220999	0.223425	0.1683
0.515625	0.220842	0.222637	0.195297
0.51625	0.219772	0.221851	0.212698
0.516875	0.219082	0.221068	0.219386
0.5175	0.218406	0.220288	0.215244
0.518125	0.217186	0.219511	0.200697
0.51875	0.216907	0.218737	0.176198
0.519375	0.215752	0.217965	0.143349
0.52	0.215277	0.217196	0.103697
0.520625	0.21452	0.216429	0.0590845
0.52125	0.213521	0.215666	0.0120743
0.521875	0.213149	0.214905	-0.0353279
0.5225	0.211867	0.214147	-0.0806825
0.523125	0.211638	0.213391	-0.121613
0.52375	0.210713	0.212638	-0.156479
0.524375	0.209985	0.211888	-0.183307
0.525	0.209409	0.21114	-0.200923
0.525625	0.208191	0.210395	-0.208712
0.52625	0.207956	0.209653	-0.206019
0.526875	0.206814	0.208913	-0.193339
0.5275	0.206359	0.208176	-0.171307
0.528125	0.205575	0.207441	-0.140862
0.52875	0.204626	0.20671	-0.103902
0.529375	0.204205	0.20598	-0.0620222
0.53	0.202951	0.205253	-0.0173342
0.530625	0.20271	0.204529	0.0277143
0.53125	0.201834	0.203808	0.071253
0.531875	0.201094	0.203088	0.110919
0.5325	0.200591	0.202372	0.144774
0.533125	0.19936	0.201658	0.171458
0.53375	0.199221	0.200946	0.189376
0.534375	0.198243	0.200237	0.197908
0.535	0.197724	0.199531	0.196769
0.535625	0.197085	0.198827	0.185794
0.53625	0.196099	0.198125	0.165917
0.536875	0.195788	0.197426	0.138023
0.5375	0.194602	0.19673	0.103421
0.538125	0.194355	0.196035	0.0641683
0.53875	0.193495	0.195344	0.0219208
0.539375	0.19279	0.194654	-0.0211271
0.54	0.192258	0.193968	-0.0626884
0.540625	0.191097	0.193283	-0.101059
0.54125	0.190895	0.192601	-0.134109
0.541875	0.189899	0.191922	-0.160289
0.5425	0.189414	0.191245	-0.178584
0.543125	0.188768	0.19057	-0.18782
0.54375	0.187815	0.189897	-0.187831
0.544375	0.187499	0.189227	-0.178712
0.545	0.18643	0.18856	-0.160713
0.545625	0.186122	0.187894	-0.135098
0.54625	0.185396	0.187231	-0.103018
0.546875	0.184633	0.186571	-0.0659872
0.5475	0.184241	0.185912	-0.0261589
0.548125	0.183064	0.185257	0.0147846
0.54875	0.182965	0.184603	0.0547392
0.549375	0.182099	0.183951	0.0915738
0.55	0.181567	0.183302	0.123822
0.550625	0.181005	0.182656	0.14969
0.55125	0.180049	0.182011	0.167954
0.551875	0.179784	0.181369	0.178013
0.5525	0.178718	0.180729	0.179114
0.553125	0.178439	0.180091	0.171441
0.55375	0.177697	0.179456	0.15552
0.554375	0.176985	0.178823	0.131903
0.555	0.176544	0.178192	0.102093
0.555625	0.175414	0.177563	0.0675065
0.55625	0.175276	0.176937	0.0297035
0.556875	0.174409	0.176312	-0.00912482
0.5575	0.173899	0.17569	-0.0472989
0.558125	0.173359	0.17507	-0.0829595
0.55875	0.172418	0.174453	-0.114128
0.559375	0.172201	0.173837	-0.139614
0.56	0.171278	0.173224	-0.158055
0.560625	0.170935	0.172612	-0.168484
0.56125	0.170314	0.172003	-0.17074
0.561875	0.169548	0.171397	-0.164503
0.5625	0.169233	0.170792	-0.150188
0.563125	0.168183	0.170189	-0.128758
0.56375	0.168046	0.169589	-0.101008
0.564375	0.167278	0.16899	-0.0685318
0.565	0.166746	0.168394	-0.0330254
0.565625	0.166255	0.1678	0.0040216
0.56625	0.165334	0.167208	0.0404988
0.566875	0.165117	0.166618	0.0747029
0.5675	0.164171	0.16603	0.105146
0.568125	0.163868	0.165444	0.130057
0.56875	0.163208	0.16486	0.148461
0.569375	0.162512	0.164279	0.159541
0.57	0.16214	0.163699	0.162546
0.570625	0.161163	0.163121	0.15767
0.57125	0.161041	0.162546	0.14511
0.571875	0.160268	0.161972	0.125375
0.5725	0.159756	0.161401	0.0997863
0.573125	0.15927	0.160831	0.0694251
0.57375	0.158372	0.160264	0.035785
0.574375	0.158172	0.159698	0.00079275
0.575	0.157336	0.159135	-0.0341072
0.575625	0.156978	0.158573	-0.0671033
0.57625	0.156432	0.158014	-0.09643
0.576875	0.155689	0.157456	-0.12097
0.5775	0.155429	0.156901	-0.139345
0.578125	0.154521	0.156347	-0.150657
0.57875	0.154326	0.155796	-0.154656
0.579375	0.153687	0.155246	-0.150924
0.58	0.153124	0.154698	-0.139779
0.580625	0.152746	0.154152	-0.121994
0.58125	0.151823	0.153608	-0.0981963
0.581875	0.1517	0.153066	-0.0697809
0.5825	0.150895	0.152526	-0.0382423
0.583125	0.15055	0.151988	-0.00488422
0.58375	0.149998	0.151452	0.0283865
0.584375	0.1493	0.150918	0.0599831
0.585	0.149	0.150385	0.0885676
0.585625	0.14806	0.149854	0.11247
0.58625	0.147903	0.149326	0.130697
0.586875	0.14723	0.148799	0.142505
0.5875	0.146713	0.148274	0.14708
0.588125	0.146404	0.147751	0.144475
0.58875	0.145523	0.147229	0.134876
0.589375	0.145374	0.14671	0.118568
0.59	0.144593	0.146192	0.0966737
0.590625	0.144248	0.145676	0.0702148
0.59125	0.143723	0.145162	0.0403591
0.591875	0.14303	0.14465	0.00888146
0.5925	0.142763	0.14414	-0.022837
0.593125	0.14192	0.143631	-0.0533144
0.59375	0.141714	0.143124	-0.0807977
0.594375	0.141133	0.142619	-0.104196
0.595	0.140579	0.142116	-0.122376
0.595625	0.140257	0.141615	-0.134261
0.59625	0.139362	0.141115	-0.139586
0.596875	0.139292	0.140617	-0.138035
0.5975	0.138643	0.140121	-0.129578
0.598125	0.138238	0.139627	-0.114959
0.59875	0.13783	0.139134	-0.0947678
0.599375	0.137097	0.138643	-0.0699543
0.6	0.136922	0.138154	-0.0420336
0.600625	0.136136	0.137666	-0.0121707
0.60125	0.135921	0.137181	0.0181552
0.601875	0.135362	0.136697	0.0472253
0.6025	0.13483	0.136214	0.0738832
0.603125	0.134496	0.135734	0.0967631
0.60375	0.133649	0.135255	0.114593
0.604375	0.133539	0.134778	0.12681
0.605	0.132849	0.134302	0.132712
0.605625	0.132524	0.133828	0.131941
0.60625	0.132143	0.133356	0.124852
0.606875	0.13142	0.132885	0.111645
0.6075	0.131257	0.132417	0.0929599
0.608125	0.130504	0.131949	0.0700036
0.60875	0.130283	0.131484	0.0437
0.609375	0.129749	0.13102	0.0153775
0.61	0.129222	0.130558	-0.0133422
0.610625	0.128907	0.130097	-0.0413045
0.61125	0.128077	0.129638	-0.0670692
0.611875	0.127979	0.12918	-0.0892116
0.6125	0.127339	0.128725	-0.10694
0.613125	0.126971	0.12827	-0.119289
0.61375	0.12656	0.127818	-0.125562
0.614375	0.125883	0.127367	-0.125762
0.615	0.125701	0.126917	-0.119754
0.615625	0.125016	0.12647	-0.107795
0.61625	0.124764	0.126023	-0.0907729
0.616875	0.124309	0.125579	-0.0693538
0.6175	0.123751	0.125136	-0.0445878
0.618125	0.123522	0.124694	-0.0179537
0.61875	0.12278	0.124254	0.00945816
0.619375	0.122655	0.123816	0.0362841
0.62	0.122128	0.123379	0.060996
0.620625	0.12171	0.122944	0.0826436
0.62125	0.121393	0.12251	0.100132
0.621875	0.120688	0.122078	0.112443
0.6225	0.120574	0.121647	0.119269
0.623125	0.119921	0.121218	0.12022
0.62375	0.119584	0.12079	0.115134
0.624375	0.119155	0.120364	0.104565
0.625	0.118602	0.119939	0.0889473
0.625625	0.11839	0.119516	0.0689532
0.62625	0.117698	0.119094	0.045857
0.626875	0.117551	0.118674	0.020665
0.6275	0.117068	0.118255	-0.00547385
0.628125	0.116638	0.117838	-0.0310119
0.62875	0.116359	0.117422	-0.054871
0.629375	0.115651	0.117008	-0.0759681
0.63	0.115572	0.116595	-0.0930358
0.630625	0.11498	0.116184	-0.105453
0.63125	0.114708	0.115774	-0.112697
0.631875	0.114308	0.115365	-0.114204
0.6325	0.113768	0.114958	-0.110142
0.633125	0.113557	0.114552	-0.100783
0.63375	0.112839	0.114148	-0.086389
0.634375	0.112731	0.113746	-0.0679133
0.635	0.112205	0.113344	-0.0463063
0.635625	0.11183	0.112944	-0.0224238
0.63625	0.111497	0.112546	0.00232612
0.636875	0.110857	0.112149	0.0267225
0.6375	0.110717	0.111753	0.0497898
0.638125	0.110119	0.111359	0.0701804
0.63875	0.109867	0.110966	0.0869235
0.639375	0.109469	0.110574	0.0994361
0.64	0.108949	0.110184	0.106906
0.640625	0.10875	0.109795	0.109021
0.64125	0.108226	0.109408	0.105925
0.641875	0.10807	0.109022	0.0975749
0.6425	0.107621	0.108637	0.0844426
0.643125	0.107213	0.108254	0.067412
0.64375	0.106943	0.107872	0.047117
0.644375	0.106286	0.107491	0.0246012
0.645	0.106193	0.107112	0.00119038
0.645625	0.105626	0.106734	-0.0221883
0.64625	0.105372	0.106357	-0.044365
0.646875	0.104987	0.105982	-0.064054
0.6475	0.104483	0.105608	-0.0805323
0.648125	0.104281	0.105236	-0.0929961
0.64875	0.103645	0.104864	-0.100654
0.649375	0.103507	0.104494	-0.103385
0.65	0.10306	0.104126	-0.101082
0.650625	0.102669	0.103758	-0.0936794
0.65125	0.102409	0.103392	-0.081794
0.651875	0.101768	0.103027	-0.0660423
0.6525	0.101694	0.102664	-0.0470072
0.653125	0.101215	0.102302	-0.0258545
0.65375	0.100915	0.101941	-0.00365363
0.654375	0.10062	0.101581	0.018722
0.655	0.100075	0.101223	0.0399745
0.655625	0.099959	0.100865	0.0590354
0.65625	0.0994243	0.100509	0.0752144
0.656875	0.0992339	0.100155	0.0875525
0.6575	0.0988711	0.0998015	0.0954177
0.658125	0.0984453	0.0994493	0.0986914
0.65875	0.0982571	0.0990984	0.0970762
0.659375	0.0976327	0.0987488	0.09061
0.66	0.0975545	0.0984003	0.0798847
0.660625	0.0970517	0.0980532	0.0653079
0.66125	0.0967888	0.0977072	0.0475217
0.661875	0.0964567	0.0973624	0.0276644
0.6625	0.0959617	0.0970189	0.00660052
0.663125	0.0957996	0.0966766	-0.0147539
0.66375	0.0952503	0.0963355	-0.0351073
0.664375	0.0950821	0.0959956	-0.0535635
0.665	0.094707	0.0956569	-0.069383
0.665625	0.0943057	0.0953193	-0.0815718
0.66625	0.094103	0.094983	-0.0896203
0.666875	0.0935276	0.0946479	-0.0933407
0.6675	0.0934395	0.0943139	-0.0923564
0.668125	0.0930335	0.0939812	-0.0867743
0.66875	0.0927176	0.0936496	-0.0771021
0.669375	0.092478	0.0933191	-0.0636369
0.67	0.0919384	0.0929899	-0.0470508
0.670625	0.0918619	0.0926618	-0.0284
0.67125	0.0913941	0.0923348	-0.00843363
0.671875	0.0911862	0.092009	0.0119178
0.6725	0.0908748	0.0916844	0.03142
0.673125	0.0904519	0.0913609	0.0492689
0.67375	0.0902939	0.0910385	0.0647028
0.674375	0.0897297	0.0907173	0.076744
0.675	0.0896527	0.0903972	0.084931
0.675625	0.0892395	0.0900783	0.0890339
0.67625	0.0889568	0.0897604	0.0886488
0.676875	0.0886742	0.0894437	0.0838831
0.6775	0.0881903	0.0891281	0.0751834
0.678125	0.0880595	0.0888136	0.0627913
0.67875	0.0875579	0.0885003	0.0473432
0.679375	0.0873883	0.088188	0.0298304
0.68	0.0870437	0.0878769	0.0109442
0.680625	0.0866622	0.0875668	-0.00843365
0.68125	0.0864735	0.0872578	-0.0271192
0.681875	0.0859426	0.0869499	-0.0443393
0.6825	0.0858486	0.0866432	-0.0593704
0.683125	0.085475	0.0863374	-0.0712576
0.68375	0.0851702	0.0860328	-0.0795232
0.684375	0.0849519	0.0857293	-0.0839495
0.685	0.0844396	0.0854268	-0.0841273
0.685625	0.0843743	0.0851254	-0.0800977
0.68625	0.0839687	0.084825	-0.0722903
0.686875	0.0837432	0.0845257	-0.0609284
0.6875	0.0834863	0.0842275	-0.0465464
0.688125	0.0830597	0.0839303	-0.0300973
0.68875	0.0829485	0.0836341	-0.0122671
0.689375	0.0824791	0.083339	0.00617428
0.69	0.0823565	0.083045	0.0240883
0.690625	0.0820277	0.082752	0.0406698
0.69125	0.0817111	0.08246	0.0552864
0.691875	0.0815206	0.082169	0.0670263
0.6925	0.0810135	0.0818791	0.0753284
0.693125	0.0809589	0.0815902	0.0800218
0.69375	0.0805369	0.0813023	0.0807382
0.694375	0.0803661	0.0810155	0.0773881
0.695	0.0800845	0.0807296	0.0703928
0.695625	0.0796976	0.0804448	0.0600248
0.69625	0.07955	0.0801609	0.0466648
0.696875	0.0790491	0.0798781	0.0312049
0.6975	0.0789635	0.0795963	0.0144034
0.698125	0.0786	0.0793154	-0.00310829
0.69875	0.0783261	0.0790356	-0.0202938
0.699375	0.0780991	0.0787567	-0.0362412
0.7	0.0776393	0.0784788	-0.0504021
0.700625	0.0775478	0.0782019	-0.0619925
0.70125	0.0771377	0.077926	-0.0703133
0.701875	0.0769472	0.077651	-0.0751929
0.7025	0.0766761	0.077377	-0.0764027
0.703125	0.0762987	0.077104	-0.0737061
0.70375	0.0761652	0.076832	-0.067428
0.704375	0.0757331	0.0765609	-0.057982
0.705	0.075606	0.0762907	-0.0456295
0.705625	0.0753116	0.0760216	-0.0310836
0.70625	0.0749998	0.0757533	-0.0152342
0.706875	0.074841	0.075486	0.00133526
0.7075	0.0743821	0.0752197	0.017818
0.708125	0.0743223	0.0749543	0.0331939
0.70875	0.0739956	0.0746898	0.0468578
0.709375	0.0737563	0.0744263	0.0582605
0.71	0.0735595	0.0741637	0.0666382
0.710625	0.0731441	0.073902	0.0716495
0.71125	0.0730749	0.0736413	0.0732576
0.711875	0.0726721	0.0733814	0.0712277
0.7125	0.0725105	0.0731225	0.0656274
0.713125	0.0722659	0.0728645	0.0569771
0.71375	0.0719308	0.0726074	0.0456265
0.714375	0.0718119	0.0723512	0.0319991
0.715	0.0713814	0.0720959	0.0169825
0.715625	0.0713107	0.0718416	0.00133603
0.71625	0.0710024	0.0715881	-0.0143786
0.716875	0.0707634	0.0713355	-0.0292574
0.7175	0.0705754	0.0710838	-0.0424558
0.718125	0.0701711	0.070833	-0.0535511
0.71875	0.0701014	0.070583	-0.0619894
0.719375	0.0697119	0.070334	-0.0671783
0.72	0.0695815	0.0700858	-0.0690422
0.720625	0.0693097	0.0698386	-0.0676056
0.72125	0.0690166	0.0695921	-0.0627449
0.721875	0.0688612	0.0693466	-0.054774
0.7225	0.0684079	0.0691019	-0.0442896
0.723125	0.0683676	0.0688581	-0.0316527
0.72375	0.0680218	0.0686151	-0.0174272
0.724375	0.0678299	0.068373	-0.00254001
0.725	0.0676014	0.0681318	0.0123424
0.725625	0.0672491	0.0678914	0.0266625
0.72625	0.0671369	0.0676518	0.0395422
0.726875	0.0667439	0.0674131	0.0503009
0.7275	0.0666294	0.0671753	0.0586415
0.728125	0.0663555	0.0669383	0.0640944
0.72875	0.06608	0.0667021	0.0662451
0.729375	0.0660332	0.0664667	0.065193
0.73	0.0655953	0.0662322	0.0610668
0.730625	0.0655561	0.0659985	0.053876
0.73125	0.0652317	0.0657656	0.0440726
0.731875	0.0650368	0.0655336	0.0323236
0.7325	0.0648249	0.0653024	0.0190407
0.733125	0.0644764	0.065072	0.0048276
0.73375	0.0643759	0.0648424	-0.00939732
0.734375	0.0640049	0.0646136	-0.0230046
0.735	0.0638856	0.0643856	-0.0355036
0.735625	0.0636283	0.0641584	-0.0461176
0.73625	0.0633551	0.063932	-0.0542667
0.736875	0.0632104	0.0637065	-0.0597813
0.7375	0.0628165	0.0634817	-0.0623576
0.738125	0.0627519	0.0632577	-0.061707
0.73875	0.0624716	0.0630345	-0.058041
0.739375	0.062254	0.0628121	-0.0516536
0.74	0.0620858	0.0625905	-0.0426685
0.740625	0.0617174	0.0623696	-0.0315703
0.74125	0.06166	0.0621496	-0.0191132
0.741875	0.0613626	0.0619303	-0.00578442
0.7425	0.061195	0.0617118	0.00787585
0.743125	0.0610072	0.061494	0.0209947
0.74375	0.0606917	0.061277	0.0329219
0.744375	0.0606119	0.0610608	0.0432859
0.745	0.0602852	0.0608454	0.0514878
0.745625	0.0601775	0.0606307	0.0569899
0.74625	0.0599563	0.0604168	0.0597226
0.746875	0.0597389	0.0602036	0.0596254
0.7475	0.0595552	0.0599912	0.0565133
0.748125	0.0592178	0.0597795	0.0506167
0.74875	0.0591382	0.0595686	0.0424248
0.749375	0.0588221	0.0593584	0.0322064
0.75	0.0586835	0.059149	0.0203747
0.750625	0.0584727	0.0589403	0.00772355
0.75125	0.0581921	0.0587323	-0.00511989
0.751875	0.0580852	0.0585251	-0.0177256
0.7525	0.0577548	0.0583186	-0.0293755
0.753125	0.0576606	0.0581128	-0.0393535
0.75375	0.0574338	0.0579078	-0.0473568
0.754375	0.0571995	0.0577034	-0.0530716
0.755	0.0570752	0.0574998	-0.0560266
0.755625	0.0567273	0.057297	-0.0561315
0.75625	0.0566796	0.0570948	-0.0535908
0.756875	0.0564325	0.0568933	-0.0484225
0.7575	0.0562478	0.0566926	-0.0407686
0.758125	0.0561001	0.0564926	-0.0312089
0.75875	0.0557808	0.0562932	-0.020269
0.759375	0.055731	0.0560946	-0.00828933
0.76	0.0554476	0.0558967	0.00408272
0.760625	0.0553259	0.0556995	0.0160551
0.76125	0.0551385	0.0555029	0.0271772
0.761875	0.0548856	0.0553071	0.0370307
0.7625	0.0547928	0.055112	0.0449529
0.763125	0.0544559	0.0549175	0.0505302
0.76375	0.0544113	0.0547237	0.0537101
0.764375	0.0541676	0.0545306	0.054303
0.765	0.0539776	0.0543382	0.0521153
0.765625	0.053778	0.0541465	0.0474029
0.76625	0.0535198	0.0539555	0.0405426
0.766875	0.0534141	0.0537651	0.0317043
0.7675	0.0530947	0.0535754	0.021284
0.768125	0.0530158	0.0533863	0.0100078
0.76875	0.052791	0.053198	-0.00159642
0.769375	0.0525842	0.0530103	-0.0131469
0.77	0.0524528	0.0528232	-0.023969
0.770625	0.0521206	0.0526369	-0.0333898
0.77125	0.0520807	0.0524511	-0.0411227
0.771875	0.0518418	0.0522661	-0.0468816
0.7725	0.0516756	0.0520816	-0.0502006
0.773125	0.0515288	0.0518979	-0.0509281
0.77375	0.0512381	0.0517148	-0.0492458
0.774375	0.0511823	0.0515323	-0.0451844
0.775	0.0509286	0.0513505	-0.0387865
0.775625	0.050803	0.0511693	-0.0305158
0.77625	0.0506392	0.0509887	-0.0209159
0.776875	0.0503916	0.0508088	-0.0102894
0.7775	0.0503166	0.0506296	0.000895342
0.778125	0.050037	0.0504509	0.0118864
0.77875	0.0499614	0.0502729	0.022155
0.779375	0.0497692	0.0500955	0.0313978
0.78	0.0495743	0.0499188	0.039092
0.780625	0.0494683	0.0497426	0.0447015
0.78125	0.0491561	0.0495671	0.0480989
0.781875	0.0491351	0.0493922	0.049258
0.7825	0.0489357	0.049218	0.0479639
0.783125	0.0488319	0.0490443	0.044229
0.78375	0.0486508	0.0488713	0.0384495
0.784375	0.0484323	0.0486988	0.0309301
0.785	0.048334	0.048527	0.0218547
0.785625	0.0480139	0.0483558	0.0117344
0.78625	0.047986	0.0481852	0.00125368
0.786875	0.047749	0.0480151	-0.00917909
0.7875	0.0476074	0.0478457	-0.0192
0.788125	0.0474527	0.0476769	-0.0281682
0.78875	0.0471991	0.0475087	-0.0355472
0.789375	0.0471255	0.0473411	-0.0411673
0.79	0.0468455	0.047174	-0.0448176
0.790625	0.0467682	0.0470076	-0.0461371
0.79125	0.04657	0.0468417	-0.0450787
0.791875	0.0463814	0.0466764	-0.0419061
0.7925	0.0462639	0.0465117	-0.036737
0.793125	0.0459658	0.0463476	-0.0296582
0.79375	0.0459281	0.0461841	-0.0211305
0.794375	0.0457019	0.0460211	-0.0117379
0.795	0.0455632	0.0458588	-0.00180888
0.795625	0.0454172	0.045697	0.00828612
0.79625	0.0451698	0.0455357	0.0178829
0.796875	0.045103	0.0453751	0.0264333
0.7975	0.0448613	0.045215	0.0337113
0.798125	0.04476	0.0450554	0.0394063
0.79875	0.0445975	0.0448964	0.0430554
0.799375	0.0443888	0.044738	0.0444998
0.8	0.0443163	0.0445802	0.043877
0.800625	0.044059	0.0444229	0.0411853
0.80125	0.0439936	0.0442661	0.0363886
0.801875	0.0438139	0.04411	0.0298219
0.8025	0.043643	0.0439543	0.0219855
0.803125	0.0435399	0.0437992	0.0131557
0.80375	0.0432726	0.0436447	0.00363052
0.804375	0.0432377	0.0434907	-0.00597337
0.805	0.0430464	0.0433372	-0.0150686
0.805625	0.0429078	0.0431843	-0.0233772
0.80625	0.0427917	0.043032	-0.0305829
0.806875	0.0425509	0.0428801	-0.0361602
0.8075	0.0425089	0.0427288	-0.0397913
0.808125	0.0422995	0.0425781	-0.0415004
0.80875	0.0421988	0.0424278	-0.0412419
0.809375	0.042063	0.0422781	-0.0388504
0.81	0.041862	0.042129	-0.0344627
0.810625	0.0417989	0.0419803	-0.0284995
0.81125	0.041561	0.0418322	-0.0212326
0.811875	0.0415076	0.0416846	-0.0128413
0.8125	0.041342	0.0415375	-0.00380297
0.813125	0.0411899	0.041391	0.00525576
0.81375	0.0410956	0.0412449	0.0139701
0.814375	0.0408462	0.0410994	0.0220833
0.815	0.0408224	0.0409544	0.0291013
0.815625	0.0406172	0.0408099	0.0345307
0.81625	0.0405229	0.0406659	0.0382335
0.816875	0.0403878	0.0405224	0.040184
0.8175	0.0401164	0.0403794	0.0401673
0.818125	0.0400572	0.0402369	0.0380673
0.81875	0.0398393	0.040095	0.0341454
0.819375	0.0397747	0.0399535	0.0287248
0.82	0.0396261	0.0398125	0.021929
0.820625	0.0394668	0.039672	0.0139956
0.82125	0.0393866	0.0395321	0.00548354
0.821875	0.039141	0.0393926	-0.00309173
0.8225	0.0391215	0.0392536	-0.0114762
0.823125	0.0389441	0.0391151	-0.0193424
0.82375	0.0388313	0.0389771	-0.0261362
0.824375	0.0387213	0.0388396	-0.0314581
0.825	0.0385167	0.0387025	-0.0352325
0.825625	0.0384732	0.038566	-0.0373506
0.82625	0.0382588	0.0384299	-0.0375423
0.826875	0.0382003	0.0382943	-0.0357531
0.8275	0.0380523	0.0381592	-0.0322641
0.828125	0.0379031	0.0380245	-0.0273121
0.82875	0.0378208	0.0378904	-0.0209704
0.829375	0.0375821	0.0377567	-0.0135099
0.83	0.0375647	0.0376235	-0.00548521
0.830625	0.0373736	0.0374907	0.00265736
0.83125	0.0372847	0.0373584	0.010698
0.831875	0.0371584	0.0372266	0.0182909
0.8325	0.0369811	0.0370953	0.0248863
0.833125	0.0369189	0.0369644	0.0301181
0.83375	0.0366836	0.0368339	0.0339184
0.834375	0.0366557	0.036704	0.0361633
0.835	0.0364845	0.0365745	0.0365757
0.835625	0.0362361	0.0364454	0.0350913
0.83625	0.0361466	0.0363168	0.0319722
0.836875	0.0359273	0.0361887	0.0274461
0.8375	0.0358993	0.036061	0.0215724
0.838125	0.0357373	0.0359338	0.014578
0.83875	0.035629	0.035807	0.00698326
0.839375	0.0355284	0.0356806	-0.000754922
0.84	0.0353362	0.0355547	-0.00841985
0.840625	0.0352962	0.0354293	-0.0157259
0.84125	0.0351192	0.0353043	-0.0221593
0.841875	0.0350413	0.0351797	-0.0273089
0.8425	0.0349249	0.0350556	-0.0310807
0.843125	0.0347642	0.0349319	-0.0334128
0.84375	0.0347076	0.0348087	-0.0340614
0.844375	0.0345092	0.0346858	-0.0328804
0.845	0.0344679	0.0345634	-0.030068
0.845625	0.0343294	0.0344415	-0.0259122
0.84625	0.0342062	0.03432	-0.0205144
0.846875	0.0341269	0.0341989	-0.0139973
0.8475	0.033923	0.0340782	-0.00678361
0.848125	0.0339021	0.033958	0.000605911
0.84875	0.0337347	0.0338382	0.00788165
0.849375	0.0336556	0.0337188	0.0148585
0.85	0.0335469	0.0335998	0.0211449
0.850625	0.0333878	0.0334812	0.0262592
0.85125	0.033337	0.0333631	0.0299841
0.851875	0.0331355	0.0332454	0.0323281
0.8525	0.0331056	0.0331281	0.0331884
0.853125	0.0329568	0.0330112	0.0323524
0.85375	0.0329018	0.0328947	0.0298413
0.854375	0.0327643	0.0327787	0.025965
0.855	0.0326305	0.032663	0.0209858
0.855625	0.0325505	0.0325477	0.0149924
0.85625	0.0323391	0.0324329	0.00819395
0.856875	0.0323158	0.0323185	0.00107578
0.8575	0.0321463	0.0322044	-0.00589033
0.858125	0.0320606	0.0320908	-0.0124854
0.85875	0.0319474	0.0319776	-0.018533
0.859375	0.0317854	0.0318648	-0.0236484
0.86	0.0317278	0.0317523	-0.0274235
0.860625	0.0315334	0.0316403	-0.0297381
0.86125	0.0314879	0.0315286	-0.0306647
0.861875	0.0313485	0.0314174	-0.0301522
0.8625	0.0312284	0.0313065	-0.0280568
0.863125	0.0311431	0.0311961	-0.0244653
0.86375	0.0309495	0.031086	-0.0197368
0.864375	0.0309178	0.0309763	-0.0141811
0.865	0.0307591	0.030867	-0.00792288
0.865625	0.030673	0.0307581	-0.00116456
0.86625	0.0305672	0.0306496	0.00563363
0.866875	0.0304092	0.0305415	0.0119948
0.8675	0.0303555	0.0304337	0.0176955
0.868125	0.0301836	0.0303263	0.0226269
0.86875	0.0301246	0.0302193	0.0265143
0.869375	0.0300043	0.0301127	0.0289972
0.87	0.0298749	0.0300064	0.0299496
0.870625	0.0298287	0.0299006	0.0295079
0.87125	0.0296412	0.0297951	0.0277704
0.871875	0.0296122	0.0296899	0.0246801
0.8725	0.0294693	0.0295852	0.020284
0.873125	0.0293771	0.0294808	0.0149215
0.87375	0.0292838	0.0293768	0.009014
0.874375	0.0291239	0.0292731	0.00279123
0.875	0.0290797	0.0291698	-0.00361168
0.875625	0.028928	0.0290669	-0.00987419
0.87625	0.0288572	0.0289643	-0.015516
0.876875	0.0287539	0.0288622	-0.0202084
0.8775	0.0286167	0.0287603	-0.023881
0.878125	0.0285614	0.0286588	-0.0264725
0.87875	0.0284033	0.0285577	-0.0277517
0.879375	0.0283507	0.028457	-0.0275117
0.88	0.02824	0.0283565	-0.0258284
0.880625	0.0281224	0.0282565	-0.022968
0.88125	0.0280585	0.0281568	-0.0190938
0.881875	0.0278946	0.0280574	-0.0142357
0.8825	0.0278591	0.0279585	-0.00855754
0.883125	0.0277418	0.0278598	-0.00247781
0.88375	0.0276423	0.0277615	0.00356587
0.884375	0.027571	0.0276635	0.00935379
0.885	0.0274084	0.0275659	0.0147721
0.885625	0.0273825	0.0274687	0.0195531
0.88625	0.0272577	0.0273718	0.0232967
0.886875	0.0271767	0.0272752	0.0257562
0.8875	0.0270974	0.0271789	0.0269582
0.888125	0.0271155	0.027083	0.0269849
0.88875	0.0270198	0.0269875	0.0257658
0.889375	0.0268814	0.0268923	0.0232016
0.89	0.026833	0.0267974	0.0194269
0.890625	0.0266696	0.0267028	0.0148022
0.89125	0.0266291	0.0266086	0.00964132
0.891875	0.0265119	0.0265147	0.00407416
0.8925	0.0264085	0.0264212	-0.00176609
0.893125	0.0263372	0.0263279	-0.00753472
0.89375	0.0261716	0.0262351	-0.0127784
0.894375	0.0261456	0.0261425	-0.0172131
0.895	0.0260114	0.0260502	-0.0207812
0.895625	0.0259376	0.0259583	-0.0234244
0.89625	0.0258478	0.0258667	-0.0249231
0.896875	0.0257135	0.0257755	-0.0250507
0.8975	0.0256677	0.0256845	-0.0238205
0.898125	0.0255205	0.0255939	-0.0214682
0.89875	0.0254714	0.0255036	-0.0181984
0.899375	0.0253673	0.0254136	-0.0140573
0.9	0.0252594	0.0253239	-0.00910626
0.900625	0.0251978	0.0252346	-0.00363061
0.90125	0.0250411	0.0251455	0.00192849
0.901875	0.0250125	0.0250568	0.00723698
0.9025	0.0248975	0.0249684	0.0121689
0.903125	0.0248116	0.0248803	0.0166235
0.90375	0.024738	0.0247925	0.0203351
0.904375	0.0245956	0.0247051	0.0229586
0.905	0.0245628	0.0246179	0.0243212
0.905625	0.0244397	0.024531	0.0245008
0.90625	0.024385	0.0244445	0.0236327
0.906875	0.0243726	0.0243582	0.0217157
0.9075	0.0242627	0.0242723	0.0186842
0.908125	0.0241944	0.0241866	0.0146393
0.90875	0.0241259	0.0241013	0.00991786
0.909375	0.0240012	0.0240163	0.00489664
0.91	0.0239733	0.0239315	-0.000214869
0.910625	0.0238457	0.0238471	-0.00533066
0.91125	0.0238053	0.0237629	-0.0102709
0.911875	0.0237192	0.0236791	-0.0146772
0.9125	0.0236224	0.0235955	-0.0181867
0.913125	0.023577	0.0235123	-0.0206472
0.91375	0.0234298	0.0234293	-0.0221049
0.914375	0.0234195	0.0233467	-0.0225925
0.915	0.0233139	0.0232643	-0.0220025
0.915625	0.023247	0.0231822	-0.0202103
0.91625	0.0231823	0.0231004	-0.0172875
0.916875	0.0230599	0.0230189	-0.013528
0.9175	0.0230354	0.0229377	-0.00925076
0.918125	0.0229085	0.0228567	-0.00462171
0.91875	0.0228735	0.0227761	0.000292706
0.919375	0.0227877	0.0226957	0.00532359
0.92	0.0226971	0.0226157	0.0101165
0.920625	0.0226515	0.0225359	0.0142828
0.92125	0.0225064	0.0224563	0.0176101
0.921875	0.0225005	0.0223771	0.0200858
0.9225	0.0223922	0.0222982	0.0217195
0.923125	0.0223349	0.0222195	0.0223907
0.92375	0.0221793	0.0221411	0.021912
0.924375	0.0220429	0.022063	0.0202329
0.925	0.0220325	0.0219851	0.0175384
0.925625	0.0219326	0.0219075	0.0141264
0.92625	0.0218718	0.0218302	0.0102047
0.926875	0.0218094	0.0217532	0.00584085
0.9275	0.0216976	0.0216765	0.00111032
0.928125	0.021672	0.0216	-0.00374264
0.92875	0.0215553	0.0215238	-0.00832978
0.929375	0.0215207	0.0214478	-0.0123106
0.93	0.0214417	0.0213721	-0.0155423
0.930625	0.0213558	0.0212967	-0.0180298
0.93125	0.0213139	0.0212216	-0.0197457
0.931875	0.0211792	0.0211467	-0.0205321
0.9325	0.0211721	0.0210721	-0.0201979
0.933125	0.0210753	0.0209977	-0.0187052
0.93375	0.0210167	0.0209237	-0.0162378
0.934375	0.0209571	0.0208498	-0.0130782
0.935	0.0208481	0.0207763	-0.00942464
0.935625	0.020825	0.020703	-0.00534142
0.93625	0.0207095	0.0206299	-0.000884559
0.936875	0.0206792	0.0205571	0.00374349
0.9375	0.0206011	0.0204846	0.00818534
0.938125	0.0205203	0.0204123	0.0120839
0.93875	0.0204787	0.0203403	0.0152467
0.939375	0.0203484	0.0202685	0.0176587
0.94	0.0203427	0.020197	0.0193416
0.940625	0.0202451	0.0201257	0.0202144
0.94125	0.0202179	0.0200547	0.0201023
0.941875	0.020128	0.019984	0.0188861
0.9425	0.0200831	0.0199135	0.0166397
0.943125	0.0199472	0.0198432	0.013618
0.94375	0.019935	0.0197732	0.0101063
0.944375	0.0198351	0.0197034	0.00627687
0.945	0.0197739	0.0196339	0.00218532
0.945625	0.0197099	0.0195646	-0.00209988
0.94625	0.0196	0.0194956	-0.0063718
0.946875	0.0195717	0.0194268	-0.0102924
0.9475	0.0194558	0.0193583	-0.0135327
0.948125	0.0194208	0.01929	-0.0159196
0.94875	0.0193397	0.0192219	-0.0174604
0.949375	0.0192574	0.0191541	-0.0182303
0.95	0.0192108	0.0190865	-0.0182352
0.950625	0.0190817	0.0190191	-0.0173775
0.95125	0.0190696	0.018952	-0.0155554
0.951875	0.018973	0.0188852	-0.0128035
0.9525	0.0189161	0.0188185	-0.00934373
0.953125	0.018853	0.0187521	-0.00550186
0.95375	0.0187506	0.018686	-0.00155779
0.954375	0.0187208	0.01862	0.00234432
0.955	0.0186104	0.0185543	0.00615802
0.955625	0.0185767	0.0184889	0.00981179
0.95625	0.0184986	0.0184236	0.0131156
0.956875	0.0184208	0.0183586	0.0157818
0.9575	0.018375	0.0182939	0.0175473
0.958125	0.0182533	0.0182293	0.0182989
0.95875	0.018565	0.018165	0.0181042
0.959375	0.0184911	0.0181009	0.0171268
0.96	0.0184091	0.018037	0.0154994
0.960625	0.0183719	0.0179734	0.0132548
0.96125	0.0182422	0.01791	0.010367
0.961875	0.0182396	0.0178468	0.00686282
0.9625	0.0181461	0.0177838	0.00291238
0.963125	0.0180944	0.0177211	-0.00117648
0.96375	0.0180368	0.0176585	-0.00505911
0.964375	0.0179365	0.0175962	-0.00847854
0.965	0.0179146	0.0175341	-0.0113272
0.965625	0.0178026	0.0174723	-0.0136081
0.96625	0.0177796	0.0174106	-0.0153326
0.966875	0.0177028	0.0173492	-0.0164344
0.9675	0.0176322	0.017288	-0.0167636
0.968125	0.0175903	0.017227	-0.0161669
0.96875	0.0174726	0.0171662	-0.0145938
0.969375	0.0174653	0.0171056	-0.0121579
0.97	0.0173703	0.0170453	-0.00910819
0.970625	0.017328	0.0169851	-0.00573291
0.97125	0.0172671	0.0169252	-0.00225545
0.971875	0.0171787	0.0168655	0.00121153
0.9725	0.0171518	0.016806	0.00463171
0.973125	0.0170401	0.0167467	0.00796012
0.97375	0.0170257	0.0166876	0.0110683
0.974375	0.0169489	0.0166287	0.0137312
0.975	0.0168945	0.01657	0.0156857
0.975625	0.0168584	0.0165116	0.0167277
0.97625	0.0167479	0.0164533	0.0167897
0.976875	0.0165093	0.0163953	0.0159567
0.9775	0.0164789	0.0163374	0.0144129
0.978125	0.0164114	0.0162798	0.0123546
0.97875	0.0163395	0.0162223	0.00991635
0.979375	0.0163024	0.0161651	0.0071515
0.98	0.0161922	0.016108	0.00407167
0.980625	0.0161825	0.0160512	0.000718541
0.98125	0.0161019	0.0159946	-0.00277607
0.981875	0.0160524	0.0159381	-0.00617695
0.9825	0.016002	0.0158819	-0.0091885
0.983125	0.0159148	0.0158259	-0.0115334
0.98375	0.0158981	0.01577	-0.0130301
0.984375	0.0158142	0.0157144	-0.0136326
0.985	0.0161157	0.0156589	-0.0134198
0.985625	0.0162858	0.0156037	-0.0125402
0.98625	0.0162646	0.0155486	-0.0111436
0.986875	0.0161987	0.0154938	-0.00933007
0.9875	0.0161242	0.0154391	-0.00713811
0.988125	0.016291	0.0153846	-0.00457298
0.98875	0.0165926	0.0153303	-0.00165875
0.989375	0.0169522	0.0152763	0.00151308
0.99	0.0171891	0.0152224	0.00476186
0.990625	0.0172488	0.0151686	0.0078341
0.99125	0.0170329	0.0151151	0.0104525
0.991875	0.0164394	0.0150618	0.0123795
0.9925	0.0154927	0.0150086	0.0134718
0.993125	0.0146067	0.0149557	0.0137085
0.99375	0.0141047	0.0149029	0.0131821
0.994375	0.0137121	0.0148503	0.0120614
0.995	0.0133759	0.0147979	0.0105362
0.995625	0.0134173	0.0147457	0.0087668
0.99625	0.0139273	0.0146937	0.0068512
0.996875	0.0148495	0.0146419	0.00481923
0.9975	0.0159983	0.0145902	0.00265313
0.998125	0.0169628	0.0145387	0.000324757
0.99875	0.0175201	0.0144874	-0.00216352
0.999375	0	0.0144363	0
