0	0.99965	1	-0.0779458
0.000666667	1.00912	1	0.123603
0.00133333	1.01016	1	0.352191
0.002	1.00533	1	0.560998
0.00266667	1.00394	1	0.738314
0.00333333	1.00023	1	0.874219
0.004	0.996726	1	0.96111
0.00466667	0.996662	1	0.994096
0.00533333	0.99392	1	0.971363
0.006	0.998561	1	0.894156
0.00666667	0.999182	1	0.766813
0.00733333	1.00433	1	0.596468
0.008	1.00731	1	0.392648
0.00866667	1.00833	1	0.166776
0.00933333	1.0112	1	-0.06849
0.01	1.008	1	-0.300005
0.0106667	1.00783	1	-0.514758
0.0113333	1.0044	1	-0.700772
0.012	0.999896	1	-0.847588
0.0126667	0.998685	1	-0.947012
0.0133333	0.993762	1	-0.993458
0.014	0.993842	1	-0.984346
0.0146667	0.997764	1	-0.920146
0.0153333	0.999407	1	-0.804521
0.016	1.00287	1	-0.643854
0.0166667	1.00712	1	-0.447246
0.0173333	1.00681	1	-0.225604
0.018	1.01108	1	0.00856352
0.0186667	1.00927	1	0.242234
0.0193333	1.00782	1	0.462227
0.02	1.00573	1	0.656336
0.0206667	0.999602	1	0.813548
0.0213333	0.999436	1	0.925234
0.022	0.995045	1	0.984939
0.0226667	0.996206	1	0.989534
0.0233333	0.996414	1	0.938545
0.024	0.998534	1	0.835044
0.0246667	1.00281	1	0.684605
0.0253333	1.00358	1	0.495893
0.026	1.00926	1	0.279206
0.0266667	1.00928	1	0.0469852
0.0273333	1.00999	1	-0.188105
0.028	1.00914	1	-0.412532
0.0286667	1.00378	1	-0.614111
0.0293333	1.00321	1	-0.78116
0.03	0.998138	1	-0.904728
0.0306667	0.997052	1	-0.977474
0.0313333	0.995769	1	-0.995769
0.032	0.99666	1	-0.958112
0.0326667	0.996851	1	-0.867124
0.0333333	1.00226	1	-0.727354
0.034	1.003	1	-0.547201
0.0346667	1.00842	1	-0.336164
0.0353333	1.00975	1	-0.106665
0.036	1.00924	1	0.129061
0.0366667	1.00983	1	0.357183
0.0373333	1.00473	1	0.565572
0.038	1.00386	1	0.741891
0.0386667	0.99985	1	0.876959
0.0393333	0.996885	1	0.962493
0.04	0.996381	1	0.994444
0.0406667	0.994185	1	0.970269
0.0413333	0.998362	1	0.892078
0.042	0.998722	1	0.7635
0.0426667	1.0044	1	0.592477
0.0433333	1.0071	1	0.387852
0.044	1.00862	1	0.161818
0.0446667	1.01105	1	-0.0737062
0.0453333	1.00733	1	-0.304785
0.046	1.00767	1	-0.519222
0.0466667	1.00393	1	-0.704278
0.0473333	0.999938	1	-0.850292
0.048	0.998486	1	-0.948425
0.0486667	0.994155	1	-0.993795
0.0493333	0.993753	1	-0.983293
0.05	0.997687	1	-0.91804
0.0506667	0.999099	1	-0.801184
0.0513333	1.00308	1	-0.639748
0.052	1.00698	1	-0.442331
0.0526667	1.00719	1	-0.220374
0.0533333	1.01095	1	0.014006
0.054	1.0087	1	0.247453
0.0546667	1.00776	1	0.46704
0.0553333	1.0054	1	0.660404
0.056	0.999771	1	0.816711
0.0566667	0.999331	1	0.927279
0.0573333	0.994767	1	0.985778
0.058	0.996221	1	0.989143
0.0586667	0.995976	1	0.936895
0.0593333	0.998641	1	0.832338
0.06	1.00258	1	0.680855
0.0606667	1.00404	1	0.491499
0.0613333	1.00927	1	0.274211
0.062	1.00893	1	0.0419086
0.0626667	1.01014	1	-0.193224
0.0633333	1.00879	1	-0.417128
0.064	1.00393	1	-0.618212
0.0646667	1.00296	1	-0.784217
0.0653333	0.9976	1	-0.906894
0.066	0.997041	1	-0.978273
0.0666667	0.995511	1	-0.995511
0.0673333	0.996301	1	-0.956436
0.068	0.997032	1	-0.864484
0.0686667	1.00209	1	-0.723535
0.0693333	1.00291	1	-0.542748
0.07	1.00855	1	-0.331007
0.0706667	1.00952	1	-0.10137
0.0713333	1.00952	1	0.134458
0.072	1.00958	1	0.362162
0.0726667	1.00454	1	0.570051
0.0733333	1.00363	1	0.745476
0.074	0.999403	1	0.879554
0.0746667	0.996958	1	0.963922
0.0753333	0.99627	1	0.994601
0.076	0.994617	1	0.969256
0.0766667	0.998352	1	0.889782
0.0773333	0.998127	1	0.760303
0.078	1.00433	1	0.588245
0.0786667	1.00668	1	0.383219
0.0793333	1.00869	1	0.156583
0.08	1.01101	1	-0.0787011
0.0806667	1.00734	1	-0.30987
0.0813333	1.00782	1	-0.523423
0.082	1.00343	1	-0.7081
0.0826667	0.999981	1	-0.85271
0.0833333	0.997993	1	-0.950157
0.084	0.994421	1	-0.993832
0.0846667	0.993916	1	-0.982574
0.0853333	0.997762	1	-0.915622
0.086	0.998491	1	-0.798192
0.0866667	1.003	1	-0.635346
0.0873333	1.00663	1	-0.437744
0.088	1.00732	1	-0.2149
0.0886667	1.01108	1	0.0191562
0.0893333	1.00859	1	0.252852
0.09	1.00806	1	0.4716
0.0906667	1.00492	1	0.664591
0.0913333	0.999843	1	0.819663
0.092	0.998839	1	0.929373
0.0926667	0.994335	1	0.986478
0.0933333	0.996251	1	0.988708
0.094	0.995971	1	0.935208
0.0946667	0.999171	1	0.829488
0.0953333	1.00251	1	0.677179
0.096	1.00416	1	0.486877
0.0966667	1.00892	1	0.269389
0.0973333	1.0083	1	0.0365348
0.098	1.00998	1	-0.198077
0.0986667	1.00875	1	-0.422086
0.0993333	1.00443	1	-0.621959
0.1	1.00313	1	-0.787698
0.100667	0.996935	1	-0.908632
0.101333	0.996951	1	-0.979547
0.102	0.994777	1	-0.994777
0.102667	0.996438	1	-0.955262
0.103333	0.997704	1	-0.861365
0.104	1.00215	1	-0.720208
0.104667	1.003	1	-0.537861
0.105333	1.00826	1	-0.326301
0.106	1.00893	1	-0.0957149
0.106667	1.0094	1	0.139458
0.107333	1.0096	1	0.367415
0.108	1.00456	1	0.574206
0.108667	1.00395	1	0.749224
0.109333	0.99887	1	0.881937
0.11	0.997003	1	0.96537
0.110667	0.995595	1	0.994694
0.111333	0.994528	1	0.968107
0.112	0.998171	1	0.887578
0.112667	0.998793	1	0.756827
0.113333	1.00477	1	0.584254
0.114	1.00666	1	0.378186
0.114667	1.00921	1	0.151726
0.115333	1.0106	1	-0.0841926
0.116	1.00724	1	-0.314469
0.116667	1.00741	1	-0.52819
0.117333	1.00309	1	-0.711353
0.118	1.00011	1	-0.855744
0.118667	0.998128	1	-0.95127
0.119333	0.994741	1	-0.994503
0.12	0.993421	1	-0.98124
0.120667	0.997539	1	-0.913805
0.121333	0.998391	1	-0.794652
0.122	1.00339	1	-0.631467
0.122667	1.00675	1	-0.432724
0.123333	1.00795	1	-0.209843
0.124	1.01096	1	0.0246006
0.124667	1.00846	1	0.257954
0.125333	1.00779	1	0.476304
0.126	1.00449	1	0.668609
0.126667	0.999896	1	0.822612
0.127333	0.998928	1	0.931433
0.128	0.994404	1	0.987025
0.128667	0.996485	1	0.988386
0.129333	0.9955	1	0.933224
0.13	0.999282	1	0.826889
0.130667	1.00207	1	0.673099
0.131333	1.00426	1	0.482604
0.132	1.00886	1	0.264113
0.132667	1.00812	1	0.0315647
0.133333	1.01027	1	-0.203397
0.134	1.00858	1	-0.426615
0.134667	1.00458	1	-0.626163
0.135333	1.00286	1	-0.790745
0.136	0.996534	1	-0.910803
0.136667	0.996778	1	-0.980403
0.137333	0.994445	1	-0.994445
0.138	0.996263	1	-0.95371
0.138667	0.998079	1	-0.858601
0.139333	1.002	1	-0.716572
0.14	1.00282	1	-0.533269
0.140667	1.00823	1	-0.321366
0.141333	1.00859	1	-0.0903039
0.142	1.00954	1	0.144622
0.142667	1.00946	1	0.372452
0.143333	1.00438	1	0.578478
0.144	1.00395	1	0.752781
0.144667	0.998832	1	0.884389
0.145333	0.997142	1	0.96667
0.146	0.995283	1	0.994796
0.146667	0.994743	1	0.966874
0.147333	0.997994	1	0.885317
0.148	0.999082	1	0.753347
0.148667	1.00481	1	0.580136
0.149333	1.00649	1	0.373244
0.15	1.00953	1	0.146662
0.150667	1.01057	1	-0.0894841
0.151333	1.00744	1	-0.31936
0.152	1.00735	1	-0.532637
0.152667	1.00248	1	-0.715
0.153333	1.00002	1	-0.858336
0.154	0.99776	1	-0.952879
0.154667	0.995045	1	-0.994632
0.155333	0.993865	1	-0.980468
0.156	0.997539	1	-0.911413
0.156667	0.998201	1	-0.791681
0.157333	1.00326	1	-0.627054
0.158	1.00638	1	-0.428219
0.158667	1.00802	1	-0.204356
0.159333	1.01111	1	0.0296413
0.16	1.00852	1	0.263316
0.160667	1.00822	1	0.480779
0.161333	1.00414	1	0.672663
0.162	1.00014	1	0.825554
0.162667	0.998343	1	0.933274
0.163333	0.993783	1	0.987818
0.164	0.996194	1	0.987585
0.164667	0.995436	1	0.931735
0.165333	0.999681	1	0.823601
0.166	1.00239	1	0.669691
0.166667	1.00511	1	0.47754
0.167333	1.0089	1	0.259566
0.168	1.00749	1	0.0258318
0.168667	1.0099	1	-0.20805
0.169333	1.00791	1	-0.431757
0.17	1.00472	1	-0.62988
0.170667	1.00292	1	-0.794155
0.171333	0.997352	1	-0.912756
0.172	0.997383	1	-0.981317
0.172667	0.994207	1	-0.994207
0.173333	0.995498	1	-0.951897
0.174	0.997774	1	-0.856245
0.174667	1.00212	1	-0.712393
0.175333	1.00314	1	-0.52934
0.176	1.00897	1	-0.31571
0.176667	1.00903	1	-0.0856876
0.177333	1.01008	1	0.150533
0.178	1.00873	1	0.376731
0.178667	1.00392	1	0.583348
0.179333	1.00321	1	0.755788
0.18	0.998142	1	0.887138
0.180667	0.99722	1	0.967761
0.181333	0.995724	1	0.994811
0.182	0.995674	1	0.965827
0.182667	0.998394	1	0.88259
0.183333	0.999081	1	0.750405
0.184	1.00457	1	0.57527
0.184667	1.00546	1	0.369067
0.185333	1.00898	1	0.140736
0.186	1.01026	1	-0.0939661
0.186667	1.0082	1	-0.325034
0.187333	1.0079	1	-0.536427
0.188	1.00264	1	-0.719164
0.188667	1.0008	1	-0.860592
0.189333	0.997292	1	-0.954605
0.19	0.994858	1	-0.994858
0.190667	0.993701	1	-0.979361
0.191333	0.997989	1	-0.909562
0.192	0.998594	1	-0.787974
0.192667	1.00418	1	-0.623531
0.193333	1.00626	1	-0.422728
0.194	1.00857	1	-0.199928
0.194667	1.01041	1	0.0356912
0.195333	1.00765	1	0.267698
0.196	1.00762	1	0.486031
0.196667	1.00404	1	0.676062
0.197333	1.0004	1	0.828829
0.198	0.998874	1	0.934961
0.198667	0.994303	1	0.988388
0.199333	0.996611	1	0.987189
0.2	0.994645	1	0.929491
0.200667	0.999556	1	0.82119
0.201333	1.00153	1	0.665166
0.202	1.00475	1	0.47361
0.202667	1.00871	1	0.253806
0.203333	1.00821	1	0.0212133
0.204	1.01046	1	-0.213735
0.204667	1.00812	1	-0.436066
0.205333	1.00512	1	-0.634215
0.206	1.00268	1	-0.797206
0.206667	0.996995	1	-0.914787
0.207333	0.996809	1	-0.982413
0.208	0.99351	1	-0.99351
0.208667	0.995756	1	-0.950757
0.209333	0.998535	1	-0.853016
0.21	1.00226	1	-0.709221
0.210667	1.00389	1	-0.524333
0.211333	1.00879	1	-0.31116
0.212	1.00865	1	-0.0800418
0.212667	1.00982	1	0.155481
0.213333	1.00842	1	0.381759
0.214	1.00403	1	0.587602
0.214667	1.00341	1	0.759107
0.215333	0.998164	1	0.889732
0.216	0.997629	1	0.968682
0.216667	0.995447	1	0.995121
0.217333	0.996021	1	0.964204
0.218	0.998051	1	0.880495
0.218667	0.999153	1	0.746646
0.219333	1.00441	1	0.571198
0.22	1.00522	1	0.364028
0.220667	1.00919	1	0.135582
0.221333	1.01028	1	-0.0991862
0.222	1.00844	1	-0.330096
0.222667	1.00798	1	-0.540722
0.223333	1.00215	1	-0.722958
0.224	1.00088	1	-0.863071
0.224667	0.996887	1	-0.956235
0.225333	0.995022	1	-0.995022
0.226	0.993968	1	-0.978431
0.226667	0.99794	1	-0.907389
0.227333	0.99847	1	-0.784696
0.228	1.00439	1	-0.619473
0.228667	1.00621	1	-0.41787
0.229333	1.00904	1	-0.194823
0.23	1.01044	1	0.0409959
0.230667	1.00746	1	0.272785
0.231333	1.00759	1	0.490555
0.232	1.00344	1	0.680046
0.232667	1.00033	1	0.831558
0.233333	0.998522	1	0.936954
0.234	0.994419	1	0.988748
0.234667	0.996721	1	0.986703
0.235333	0.995088	1	0.927469
0.236	1.00009	1	0.818255
0.236667	1.00153	1	0.661284
0.237333	1.00536	1	0.46881
0.238	1.00845	1	0.248966
0.238667	1.00795	1	0.0155887
0.239333	1.01008	1	-0.218474
0.24	1.00763	1	-0.441235
0.240667	1.00501	1	-0.637872
0.241333	1.00279	1	-0.800688
0.242	0.997706	1	-0.916658
0.242667	0.997349	1	-0.98334
0.243333	0.993272	1	-0.993272
0.244	0.994768	1	-0.94886
0.244667	0.998094	1	-0.850751
0.245333	1.00179	1	-0.70493
0.246	1.00376	1	-0.520491
0.246667	1.00916	1	-0.305517
0.247333	1.00896	1.00001	-0.0753501
0.248	1.01078	1.00003	0.161088
0.248667	1.00845	1.00014	0.38638
0.249333	1.00421	1.00045	0.591583
0.25	1.00011	1	0.761507
0.250667	0.992254	0.996685	0.888463
0.251333	0.989922	0.992622	0.965563
0.252	0.98579	0.988781	0.987516
0.252667	0.981871	0.985037	0.955589
0.253333	0.979649	0.981326	0.868721
0.254	0.973958	0.977633	0.735936
0.254667	0.972396	0.973953	0.561169
0.255333	0.966422	0.970288	0.357885
0.256	0.964078	0.966637	0.135105
0.256667	0.960057	0.962999	-0.0932091
0.257333	0.9551	0.959375	-0.314336
0.258	0.953341	0.955765	-0.517219
0.258667	0.947599	0.952168	-0.688333
0.259333	0.946259	0.948585	-0.821479
0.26	0.9424	0.945016	-0.906051
0.260667	0.938534	0.941459	-0.941037
0.261333	0.934252	0.937916	-0.922077
0.262	0.93225	0.934387	-0.852493
0.262667	0.926579	0.930871	-0.735849
0.263333	0.924688	0.927368	-0.578487
0.264	0.920712	0.923878	-0.391149
0.264667	0.916797	0.920401	-0.181987
0.265333	0.914948	0.916937	0.0341148
0.266	0.909262	0.913487	0.248168
0.266667	0.908394	0.910049	0.44547
0.267333	0.903359	0.906625	0.617167
0.268	0.90087	0.903213	0.752843
0.268667	0.897324	0.899814	0.845091
0.269333	0.892441	0.896428	0.890288
0.27	0.890697	0.893054	0.884165
0.270667	0.885107	0.889694	0.830135
0.271333	0.883691	0.886346	0.728707
0.272	0.880184	0.88301	0.588531
0.272667	0.876307	0.879687	0.415708
0.273333	0.87456	0.876377	0.221247
0.274	0.869149	0.873079	0.0160955
0.274667	0.868047	0.869793	-0.189182
0.275333	0.863091	0.86652	-0.381285
0.276	0.860646	0.863259	-0.552014
0.276667	0.85735	0.860011	-0.689369
0.277333	0.852548	0.856774	-0.788373
0.278	0.851176	0.85355	-0.84191
0.278667	0.846121	0.850338	-0.848377
0.279333	0.844141	0.847138	-0.807707
0.28	0.841458	0.84395	-0.721614
0.280667	0.838759	0.840774	-0.59697
0.281333	0.833888	0.83761	-0.438769
0.282	0.832535	0.834458	-0.258517
0.282667	0.827374	0.831318	-0.0642342
0.283333	0.825652	0.82819	0.131483
0.284	0.822053	0.825073	0.318532
0.284667	0.81832	0.821968	0.486637
0.285333	0.816655	0.818875	0.625559
0.286	0.811529	0.815793	0.729485
0.286667	0.810738	0.812723	0.790723
0.287333	0.806744	0.809665	0.808408
0.288	0.804132	0.806618	0.779941
0.288667	0.801455	0.803583	0.708593
0.289333	0.796744	0.800559	0.598151
0.29	0.79545	0.797546	0.454706
0.290667	0.790394	0.794545	0.287693
0.291333	0.788917	0.791555	0.104832
0.292	0.785699	0.788576	-0.0814792
0.292667	0.781998	0.785608	-0.262822
0.293333	0.780559	0.782652	-0.42751
0.294	0.775454	0.779707	-0.567406
0.294667	0.774833	0.776773	-0.67478
0.295333	0.770947	0.77385	-0.743164
0.296	0.768396	0.770937	-0.770445
0.296667	0.764777	0.768036	-0.753567
0.297333	0.762898	0.765146	-0.69575
0.298	0.757867	0.762267	-0.598826
0.298667	0.757008	0.759398	-0.469667
0.299333	0.753448	0.75654	-0.315294
0.3	0.750744	0.753693	-0.144143
0.300667	0.748776	0.750857	0.033012
0.301333	0.744036	0.748032	0.207847
0.302	0.743447	0.745217	0.368794
0.302667	0.73895	0.742412	0.508682
0.303333	0.737409	0.739618	0.618583
0.304	0.734241	0.736835	0.69321
0.304667	0.730718	0.734062	0.728804
0.305333	0.729033	0.7313	0.722807
0.306	0.724095	0.728548	0.677285
0.306667	0.723433	0.725806	0.59338
0.307333	0.720123	0.723075	0.47772
0.308	0.717449	0.720354	0.335698
0.308667	0.715603	0.717643	0.176147
0.309333	0.711166	0.714942	0.00811885
0.31	0.71044	0.712252	-0.159665
0.310667	0.706166	0.709572	-0.31656
0.311333	0.704614	0.706901	-0.455477
0.312	0.701655	0.704241	-0.567217
0.312667	0.698197	0.701591	-0.647015
0.313333	0.69669	0.698951	-0.689948
0.314	0.692071	0.696321	-0.693917
0.314667	0.690397	0.6937	-0.659659
0.315333	0.68864	0.69109	-0.588167
0.316	0.686274	0.688489	-0.485214
0.316667	0.68267	0.685898	-0.355291
0.317333	0.681522	0.683317	-0.207038
0.318	0.676945	0.680746	-0.0482277
0.318667	0.676143	0.678184	0.112222
0.319333	0.672744	0.675632	0.264665
0.32	0.670213	0.673089	0.401836
0.320667	0.668229	0.670556	0.514754
0.321333	0.663843	0.668033	0.598693
0.322	0.66334	0.665519	0.648126
0.322667	0.659818	0.663014	0.661065
0.323333	0.658062	0.660519	0.637201
0.324	0.655841	0.658034	0.577394
0.324667	0.652322	0.655557	0.486448
0.325333	0.651272	0.65309	0.368292
0.326	0.646853	0.650633	0.230999
0.326667	0.646115	0.648184	0.0814852
0.327333	0.642936	0.645745	-0.0714875
0.328	0.640437	0.643315	-0.219049
0.328667	0.638603	0.640894	-0.353865
0.329333	0.634335	0.638482	-0.467283
0.33	0.633905	0.63608	-0.554447
0.330667	0.630578	0.633686	-0.609575
0.331333	0.628828	0.631301	-0.630504
0.332	0.626186	0.628926	-0.616237
0.332667	0.624696	0.626559	-0.567324
0.333333	0.620398	0.624201	-0.487745
0.334	0.61999	0.621852	-0.380934
0.334667	0.616431	0.619512	-0.254266
0.335333	0.614762	0.617181	-0.114058
0.336	0.612456	0.614858	0.0313652
0.336667	0.609096	0.612544	0.173654
0.337333	0.608114	0.610239	0.305621
0.338	0.604385	0.607943	0.418883
0.338667	0.603417	0.605655	0.508461
0.339333	0.600935	0.603376	0.568504
0.34	0.598327	0.601105	0.596503
0.340667	0.596975	0.598843	0.591067
0.341333	0.592789	0.59659	0.55226
0.342	0.592483	0.594345	0.483431
0.342667	0.589154	0.592108	0.387503
0.343333	0.587486	0.58988	0.271119
0.344	0.585326	0.58766	0.140164
0.344667	0.582052	0.585448	0.00232542
0.345333	0.581132	0.583245	-0.134362
0.346	0.577581	0.58105	-0.263048
0.346667	0.576595	0.578864	-0.37555
0.347333	0.574261	0.576686	-0.466798
0.348	0.571697	0.574515	-0.53101
0.348667	0.570474	0.572353	-0.56521
0.349333	0.56642	0.570199	-0.56785
0.35	0.564859	0.568054	-0.538385
0.350667	0.563907	0.565916	-0.479675
0.351333	0.561367	0.563786	-0.394154
0.352	0.558897	0.561665	-0.287684
0.352667	0.557471	0.559551	-0.165877
0.353333	0.55349	0.557445	-0.0356186
0.354	0.553227	0.555348	0.0952221
0.354667	0.550464	0.553258	0.220236
0.355333	0.548657	0.551176	0.33146
0.356	0.547047	0.549102	0.423684
0.356667	0.543745	0.547035	0.491374
0.357333	0.543196	0.544977	0.530969
0.358	0.539876	0.542926	0.540938
0.358667	0.538881	0.540883	0.520108
0.359333	0.536541	0.538847	0.470863
0.36	0.534109	0.53682	0.395289
0.360667	0.53279	0.534799	0.298337
0.361333	0.528972	0.532787	0.185528
0.362	0.528681	0.530782	0.0628383
0.362667	0.526023	0.528785	-0.062
0.363333	0.524252	0.526795	-0.18296
0.364	0.522724	0.524812	-0.292473
0.364667	0.51951	0.522837	-0.385019
0.365333	0.519041	0.52087	-0.455528
0.366	0.515978	0.51891	-0.499784
0.366667	0.51494	0.516957	-0.516313
0.367333	0.512755	0.515011	-0.503474
0.368	0.511154	0.513073	-0.463004
0.368667	0.508022	0.511143	-0.396919
0.369333	0.507356	0.509219	-0.309082
0.37	0.504239	0.507303	-0.20504
0.370667	0.503191	0.505394	-0.0899197
0.371333	0.501156	0.503492	0.0288739
0.372	0.498706	0.501597	0.145418
0.372667	0.497757	0.49971	0.252855
0.373333	0.494485	0.497829	0.345157
0.374	0.494024	0.495956	0.417822
0.374667	0.491716	0.494089	0.466129
0.375333	0.489927	0.49223	0.48842
0.376	0.488521	0.490378	0.482997
0.376667	0.48544	0.488532	0.450629
0.377333	0.48491	0.486694	0.393533
0.378	0.481958	0.484862	0.314476
0.378667	0.480914	0.483038	0.218861
0.379333	0.478947	0.48122	0.111351
0.38	0.476578	0.479409	-0.00142637
0.380667	0.475629	0.477605	-0.113253
0.381333	0.472505	0.475808	-0.218229
0.382	0.472011	0.474017	-0.309865
0.382667	0.469863	0.472233	-0.383966
0.383333	0.468081	0.470456	-0.435819
0.384	0.466842	0.468686	-0.463083
0.384667	0.463501	0.466922	-0.464473
0.385333	0.462128	0.465165	-0.439637
0.386	0.461631	0.463414	-0.3909
0.386667	0.459395	0.461671	-0.32038
0.387333	0.457669	0.459933	-0.232759
0.388	0.456295	0.458202	-0.132854
0.388667	0.453344	0.456478	-0.0260976
0.389333	0.452866	0.45476	0.0809009
0.39	0.450287	0.453049	0.182938
0.390667	0.449144	0.451344	0.273656
0.391333	0.447538	0.449646	0.348486
0.392	0.445148	0.447954	0.403379
0.392667	0.444478	0.446268	0.435002
0.393333	0.441652	0.444588	0.442459
0.394	0.441087	0.442915	0.424772
0.394667	0.439084	0.441249	0.383672
0.395333	0.437346	0.439588	0.321444
0.396	0.436141	0.437934	0.241481
0.396667	0.433249	0.436286	0.148963
0.397333	0.432847	0.434644	0.0484155
0.398	0.430347	0.433008	-0.0538451
0.398667	0.429239	0.431379	-0.152441
0.399333	0.427646	0.429756	-0.241965
0.4	0.425348	0.428138	-0.317033
0.400667	0.424668	0.426527	-0.374252
0.401333	0.422014	0.424922	-0.409873
0.402	0.421408	0.423323	-0.422532
0.402667	0.419603	0.42173	-0.411614
0.403333	0.418239	0.420143	-0.377582
0.404	0.415882	0.418562	-0.323127
0.404667	0.415337	0.416987	-0.250745
0.405333	0.412696	0.415418	-0.165151
0.406	0.412095	0.413854	-0.0710235
0.406667	0.410215	0.412297	0.0265279
0.407333	0.408517	0.410745	0.121492
0.408	0.407406	0.4092	0.20927
0.408667	0.404617	0.40766	0.284428
0.409333	0.404302	0.406126	0.343158
0.41	0.402098	0.404597	0.382412
0.410667	0.40093	0.403075	0.39968
0.411333	0.399588	0.401558	0.394822
0.412	0.397308	0.400047	0.36766
0.412667	0.396805	0.398541	0.320235
0.413333	0.394396	0.397042	0.255375
0.414	0.393734	0.395548	0.176432
0.414667	0.392072	0.394059	0.0885431
0.415333	0.390361	0.392576	-0.0039421
0.416	0.389418	0.391099	-0.0954276
0.416667	0.386678	0.389627	-0.180845
0.417333	0.386448	0.388161	-0.255819
0.418	0.384312	0.3867	-0.315648
0.418667	0.383185	0.385245	-0.357731
0.419333	0.38184	0.383795	-0.379429
0.42	0.379167	0.382351	-0.379753
0.420667	0.377902	0.380912	-0.359155
0.421333	0.377685	0.379479	-0.318372
0.422	0.375719	0.37805	-0.260452
0.422667	0.374519	0.376628	-0.188321
0.423333	0.373355	0.375211	-0.106201
0.424	0.371119	0.373799	-0.0190396
0.424667	0.370729	0.372392	0.0688132
0.425333	0.368541	0.37099	0.151841
0.426	0.367828	0.369594	0.225878
0.426667	0.366333	0.368204	0.286766
0.427333	0.364643	0.366818	0.330927
0.428	0.36382	0.365438	0.356564
0.428667	0.361171	0.364062	0.361791
0.429333	0.361014	0.362692	0.346886
0.43	0.359086	0.361327	0.312756
0.430667	0.35794	0.359968	0.261162
0.431333	0.356751	0.358613	0.195657
0.432	0.354619	0.357264	0.119422
0.432667	0.35418	0.355919	0.0371819
0.433333	0.352109	0.35458	-0.0464734
0.434	0.351377	0.353245	-0.127175
0.434667	0.350028	0.351916	-0.199897
0.435333	0.348338	0.350592	-0.261198
0.436	0.347673	0.349272	-0.307393
0.436667	0.345262	0.347958	-0.336021
0.437333	0.345039	0.346649	-0.345959
0.438	0.343582	0.345344	-0.336243
0.438667	0.342277	0.344045	-0.308095
0.439333	0.340594	0.34275	-0.26293
0.44	0.339923	0.34146	-0.203337
0.440667	0.33753	0.340175	-0.13314
0.441333	0.337292	0.338895	-0.0557807
0.442	0.335551	0.33762	0.0238757
0.442667	0.334399	0.336349	0.101593
0.443333	0.333328	0.335083	0.173179
0.444	0.331265	0.333822	0.234251
0.444667	0.330877	0.332566	0.282032
0.445333	0.328969	0.331315	0.313515
0.446	0.328211	0.330068	0.327209
0.446667	0.326994	0.328826	0.322697
0.447333	0.325332	0.327588	0.299892
0.448	0.324779	0.326356	0.26074
0.448667	0.32263	0.325127	0.207182
0.449333	0.322315	0.323904	0.14236
0.45	0.320771	0.322685	0.070275
0.450667	0.319598	0.321471	-0.00550234
0.451333	0.318648	0.320261	-0.0802172
0.452	0.316629	0.319056	-0.149979
0.452667	0.316274	0.317855	-0.211002
0.453333	0.31438	0.316659	-0.259565
0.454	0.313667	0.315467	-0.293574
0.454667	0.312425	0.31428	-0.310805
0.455333	0.310296	0.313098	-0.310577
0.456	0.309496	0.311919	-0.293228
0.456667	0.309163	0.310745	-0.259403
0.457333	0.307358	0.309576	-0.211624
0.458	0.306607	0.308411	-0.152323
0.458667	0.305452	0.30725	-0.0849143
0.459333	0.30385	0.306094	-0.0135314
0.46	0.303338	0.304942	0.0583067
0.460667	0.301413	0.303795	0.12613
0.461333	0.301017	0.302652	0.186394
0.462	0.299693	0.301513	0.235921
0.462667	0.298482	0.300378	0.271619
0.463333	0.297733	0.299248	0.292101
0.464	0.295728	0.298122	0.295977
0.464667	0.295531	0.297	0.283211
0.465333	0.293836	0.295882	0.254915
0.466	0.293094	0.294769	0.212311
0.466667	0.291963	0.293659	0.158338
0.467333	0.290433	0.292554	0.0958741
0.468	0.289876	0.291453	0.028357
0.468667	0.287961	0.290356	-0.0400134
0.469333	0.287589	0.289264	-0.1059
0.47	0.286285	0.288175	-0.165297
0.470667	0.285113	0.287091	-0.214983
0.471333	0.28441	0.28601	-0.252535
0.472	0.282454	0.284934	-0.275483
0.472667	0.282333	0.283862	-0.283085
0.473333	0.281145	0.282794	-0.274844
0.474	0.279896	0.281729	-0.251196
0.474667	0.278711	0.280669	-0.213982
0.475333	0.278052	0.279613	-0.164913
0.476	0.276099	0.278561	-0.107123
0.476667	0.27601	0.277513	-0.0439092
0.477333	0.274585	0.276468	0.0214726
0.478	0.273767	0.275428	0.0848931
0.478667	0.272865	0.274391	0.143213
0.479333	0.271318	0.273359	0.193098
0.48	0.270923	0.27233	0.23162
0.480667	0.269157	0.271305	0.25714
0.481333	0.268766	0.270284	0.2679
0.482	0.267523	0.269267	0.263631
0.482667	0.266404	0.268254	0.244787
0.483333	0.265693	0.267244	0.212159
0.484	0.26385	0.266239	0.168124
0.484667	0.263678	0.265237	0.114924
0.485333	0.262288	0.264239	0.055597
0.486	0.261488	0.263244	-0.00619802
0.486667	0.260649	0.262254	-0.0674413
0.487333	0.259127	0.261267	-0.124355
0.488	0.258822	0.260284	-0.173889
0.488667	0.257264	0.259304	-0.213556
0.489333	0.256805	0.258328	-0.240792
0.49	0.255739	0.257356	-0.254573
0.490667	0.253963	0.256388	-0.254059
0.491333	0.253265	0.255423	-0.239238
0.492	0.25297	0.254462	-0.211435
0.492667	0.251482	0.253504	-0.171877
0.493333	0.250989	0.25255	-0.123095
0.494	0.249997	0.2516	-0.0679599
0.494667	0.248828	0.250653	-0.00924914
0.495333	0.248311	0.24971	0.0493031
0.496	0.246537	0.24877	0.104714
0.496667	0.246427	0.247834	0.153931
0.497333	0.24512	0.246901	0.19395
0.498	0.244351	0.245972	0.223033
0.498667	0.243514	0.245046	0.23932
0.499333	0.242089	0.244124	0.242036
0.5	0.241728	0.243206	0.231394
0.500667	0.240229	0.24229	0.207667
0.501333	0.239774	0.241379	0.172626
0.502	0.238781	0.24047	0.128228
0.502667	0.237659	0.239565	0.0767981
0.503333	0.237168	0.238664	0.0216688
0.504	0.235568	0.237766	-0.0344169
0.504667	0.235388	0.236871	-0.0882034
0.505333	0.23426	0.23598	-0.136512
0.506	0.23344	0.235091	-0.177081
0.506667	0.232766	0.234207	-0.207332
0.507333	0.231323	0.233325	-0.225796
0.508	0.231086	0.232447	-0.231703
0.508667	0.229469	0.231573	-0.224434
0.509333	0.228455	0.230701	-0.204876
0.51	0.227543	0.229833	-0.174053
0.510667	0.226923	0.228968	-0.133622
0.511333	0.225598	0.228107	-0.0862844
0.512	0.225297	0.227248	-0.0343538
0.512667	0.224111	0.226393	0.0190692
0.513333	0.223501	0.225541	0.0708529
0.514	0.22264	0.224692	0.118486
0.514667	0.221533	0.223847	0.158966
0.515333	0.221087	0.223004	0.190258
0.516	0.219735	0.222165	0.210824
0.516667	0.219362	0.221329	0.219237
0.517333	0.21824	0.220496	0.215493
0.518	0.217597	0.219666	0.199731
0.518667	0.216791	0.21884	0.172781
0.519333	0.215824	0.218016	0.136594
0.52	0.21519	0.217196	0.0928957
0.520667	0.213959	0.216378	0.0443334
0.521333	0.213443	0.215564	-0.0061916
0.522	0.212661	0.214753	-0.0562081
0.522667	0.211761	0.213945	-0.102573
0.523333	0.211209	0.21314	-0.142856
0.524	0.209945	0.212338	-0.175026
0.524667	0.209601	0.211539	-0.19698
0.525333	0.208642	0.210743	-0.207908
0.526	0.207847	0.209949	-0.207182
0.526667	0.20679	0.209159	-0.194732
0.527333	0.206393	0.208372	-0.171716
0.528	0.20547	0.207588	-0.139178
0.528667	0.204791	0.206807	-0.0990748
0.529333	0.204054	0.206029	-0.0539256
0.53	0.20305	0.205253	-0.00591196
0.530667	0.202554	0.204481	0.041971
0.531333	0.201513	0.203712	0.0870786
0.532	0.20108	0.202945	0.12717
0.532667	0.200162	0.202181	0.159668
0.533333	0.199454	0.20142	0.183076
0.534	0.198744	0.200662	0.196178
0.534667	0.197677	0.199907	0.198032
0.535333	0.197338	0.199155	0.188988
0.536	0.196184	0.198406	0.169421
0.536667	0.195779	0.197659	0.140423
0.537333	0.194829	0.196915	0.104003
0.538	0.194283	0.196174	0.0618965
0.538667	0.193512	0.195436	0.0166565
0.539333	0.19269	0.1947	-0.029031
0.54	0.192057	0.193968	-0.0729562
0.540667	0.190998	0.193238	-0.112355
0.541333	0.190603	0.192511	-0.145157
0.542	0.189814	0.191786	-0.169778
0.542667	0.189087	0.191064	-0.184546
0.543333	0.188493	0.190345	-0.188996
0.544	0.187841	0.189629	-0.182935
0.544667	0.18694	0.188915	-0.166526
0.545333	0.186273	0.188205	-0.141123
0.546	0.185576	0.187496	-0.107987
0.546667	0.184586	0.186791	-0.0689645
0.547333	0.184235	0.186088	-0.0265832
0.548	0.183448	0.185388	0.0171084
0.548667	0.182765	0.18469	0.0595135
0.549333	0.182173	0.183995	0.0981296
0.55	0.181169	0.183302	0.131169
0.550667	0.180759	0.182613	0.156529
0.551333	0.179984	0.181925	0.172908
0.552	0.179396	0.181241	0.179686
0.552667	0.178494	0.180559	0.176205
0.553333	0.178018	0.179879	0.162973
0.554	0.17738	0.179202	0.140843
0.554667	0.176605	0.178528	0.110828
0.555333	0.176128	0.177856	0.0749996
0.556	0.175072	0.177187	0.0352529
0.556667	0.17474	0.17652	-0.00630673
0.557333	0.173976	0.175856	-0.0470124
0.558	0.173405	0.175194	-0.0848876
0.558667	0.172782	0.174535	-0.117798
0.559333	0.171986	0.173878	-0.143709
0.56	0.171466	0.173224	-0.161571
0.560667	0.170512	0.172572	-0.17024
0.561333	0.170246	0.171922	-0.169225
0.562	0.169188	0.171275	-0.15896
0.562667	0.168894	0.170631	-0.139773
0.563333	0.168153	0.169989	-0.112901
0.564	0.167593	0.169349	-0.0800902
0.564667	0.166994	0.168712	-0.0428781
0.565333	0.166209	0.168077	-0.00361798
0.566	0.165711	0.167444	0.0354553
0.566667	0.164823	0.166814	0.0724399
0.567333	0.164514	0.166187	0.104964
0.568	0.163764	0.165561	0.131377
0.568667	0.163191	0.164938	0.150408
0.569333	0.162589	0.164317	0.160722
0.57	0.161744	0.163699	0.162065
0.570667	0.161346	0.163083	0.154436
0.571333	0.1607	0.162469	0.138065
0.572	0.160231	0.161858	0.114257
0.572667	0.159258	0.161249	0.0842516
0.573333	0.159071	0.160642	0.0496285
0.574	0.158227	0.160037	0.0126768
0.574667	0.157789	0.159435	-0.0247813
0.575333	0.157114	0.158835	-0.0606518
0.576	0.156388	0.158238	-0.0926862
0.576667	0.156018	0.157642	-0.119444
0.577333	0.155251	0.157049	-0.139335
0.578	0.15481	0.156458	-0.151151
0.578667	0.154202	0.155869	-0.154613
0.579333	0.153653	0.155282	-0.149347
0.58	0.153019	0.154698	-0.135693
0.580667	0.152406	0.154116	-0.114743
0.581333	0.151915	0.153536	-0.0874151
0.582	0.15106	0.152958	-0.0553904
0.582667	0.150704	0.152383	-0.0206663
0.583333	0.150158	0.151809	0.0151193
0.584	0.149519	0.151238	0.0497454
0.584667	0.149143	0.150669	0.0812297
0.585333	0.148234	0.150102	0.108124
0.586	0.148015	0.149537	0.128676
0.586667	0.147317	0.148974	0.141846
0.587333	0.146776	0.148414	0.147168
0.588	0.146121	0.147855	0.144087
0.588667	0.145808	0.147299	0.133007
0.589333	0.145	0.146744	0.114722
0.59	0.144667	0.146192	0.0900016
0.590667	0.14401	0.145642	0.0605229
0.591333	0.143421	0.145094	0.0279755
0.592	0.142985	0.144548	-0.00605814
0.592667	0.142258	0.144004	-0.0393698
0.593333	0.141934	0.143462	-0.0702005
0.594	0.141324	0.142922	-0.0970322
0.594667	0.140784	0.142384	-0.118085
0.595333	0.140288	0.141849	-0.132412
0.596	0.139538	0.141315	-0.139358
0.596667	0.139329	0.140783	-0.138296
0.597333	0.138465	0.140253	-0.129597
0.598	0.138268	0.139725	-0.113805
0.598667	0.137663	0.1392	-0.091603
0.599333	0.137106	0.138676	-0.0645702
0.6	0.136766	0.138154	-0.0341646
0.600667	0.135878	0.137634	-0.00191906
0.601333	0.135762	0.137116	0.0300464
0.602	0.134986	0.1366	0.0601144
0.602667	0.134654	0.136086	0.0867368
0.603333	0.134136	0.135574	0.108156
0.604	0.133445	0.135064	0.123442
0.604667	0.133183	0.134555	0.131826
0.605333	0.132277	0.134049	0.132623
0.606	0.131973	0.133545	0.126114
0.606667	0.131561	0.133042	0.112681
0.607333	0.131066	0.132541	0.0928992
0.608	0.130368	0.132043	0.0682155
0.608667	0.130144	0.131546	0.0399365
0.609333	0.129467	0.131051	0.00949694
0.61	0.129131	0.130558	-0.0210876
0.610667	0.128583	0.130066	-0.0502759
0.611333	0.128028	0.129577	-0.0765611
0.612	0.127743	0.129089	-0.0982056
0.612667	0.126905	0.128603	-0.114251
0.613333	0.126809	0.128119	-0.123896
0.614	0.126163	0.127637	-0.126378
0.614667	0.125782	0.127157	-0.121863
0.615333	0.125379	0.126678	-0.11065
0.616	0.124663	0.126202	-0.0931707
0.616667	0.124497	0.125727	-0.0707241
0.617333	0.123695	0.125254	-0.0445395
0.618	0.123521	0.124782	-0.0158992
0.618667	0.122955	0.124313	0.0132919
0.619333	0.122451	0.123845	0.0415084
0.62	0.12212	0.123379	0.067352
0.620667	0.12129	0.122915	0.0891058
0.621333	0.121193	0.122452	0.105735
0.622	0.120507	0.121991	0.116481
0.622667	0.120179	0.121532	0.120499
0.623333	0.119663	0.121075	0.117798
0.624	0.119341	0.120619	0.10867
0.624667	0.118596	0.120165	0.093394
0.625333	0.118436	0.119713	0.0730781
0.626	0.117812	0.119263	0.0489501
0.626667	0.117449	0.118814	0.0221166
0.627333	0.11707	0.118367	-0.00567301
0.628	0.116381	0.117921	-0.0328376
0.628667	0.116244	0.117477	-0.0581201
0.629333	0.115569	0.117035	-0.0798768
0.63	0.115334	0.116595	-0.0969261
0.630667	0.114893	0.116156	-0.108591
0.631333	0.114344	0.115719	-0.114004
0.632	0.11413	0.115284	-0.11294
0.632667	0.113349	0.11485	-0.105732
0.633333	0.11328	0.114418	-0.0925639
0.634	0.112718	0.113987	-0.0742672
0.634667	0.112346	0.113558	-0.0521126
0.635333	0.111998	0.113131	-0.0270952
0.636	0.111329	0.112705	-0.000702185
0.636667	0.111191	0.112281	0.0253843
0.637333	0.110486	0.111858	0.0499839
0.638	0.110301	0.111437	0.0716527
0.638667	0.10981	0.111018	0.0890145
0.639333	0.109328	0.1106	0.101408
0.64	0.109051	0.110184	0.108086
0.640667	0.108251	0.109769	0.10854
0.641333	0.108018	0.109356	0.103064
0.642	0.10783	0.108945	0.0919135
0.642667	0.107352	0.108535	0.0755762
0.643333	0.106872	0.108126	0.0552776
0.644	0.106606	0.107719	0.0320821
0.644667	0.105842	0.107314	0.00713101
0.645333	0.105784	0.10691	-0.0178964
0.646	0.10524	0.106508	-0.0416994
0.646667	0.104887	0.106107	-0.0631349
0.647333	0.10456	0.105708	-0.0807531
0.648	0.103917	0.10531	-0.0936908
0.648667	0.103806	0.104914	-0.101442
0.649333	0.103223	0.104519	-0.103343
0.65	0.102979	0.104126	-0.0994166
0.650667	0.102607	0.103734	-0.0901118
0.651333	0.102079	0.103343	-0.0757236
0.652	0.101915	0.102955	-0.0571641
0.652667	0.10126	0.102567	-0.0356968
0.653333	0.101148	0.102181	-0.0122816
0.654	0.100691	0.101797	0.011705
0.654667	0.100307	0.101414	0.0347129
0.655333	0.100044	0.101032	0.0557183
0.656	0.0993928	0.100652	0.0735288
0.656667	0.09932	0.100273	0.0869554
0.657333	0.0987378	0.0998956	0.0955249
0.658	0.0985211	0.0995197	0.0987838
0.658667	0.0980546	0.0991451	0.0963589
0.659333	0.097819	0.098772	0.0886581
0.66	0.0971589	0.0984003	0.0761666
0.660667	0.0971113	0.0980301	0.0593739
0.661333	0.0965683	0.0976611	0.0394623
0.662	0.0963308	0.0972936	0.0176123
0.662667	0.0959714	0.0969275	-0.00519601
0.663333	0.0954791	0.0965627	-0.0274925
0.664	0.095301	0.0961994	-0.0479577
0.664667	0.0946366	0.0958374	-0.0657248
0.665333	0.0945587	0.0954767	-0.0796609
0.666	0.0940792	0.0951174	-0.0889032
0.666667	0.0937466	0.0947595	-0.0932361
0.667333	0.0934509	0.0944029	-0.0923272
0.668	0.0928668	0.0940476	-0.0861179
0.668667	0.0927538	0.0936937	-0.0752563
0.669333	0.0922006	0.0933411	-0.0602967
0.67	0.0919899	0.0929899	-0.0419217
0.670667	0.0916256	0.0926399	-0.0214336
0.671333	0.0911611	0.0922913	4.93376e-05
0.672	0.0909842	0.091944	0.0215342
0.672667	0.0903965	0.091598	0.0415914
0.673333	0.090278	0.0912533	0.0591024
0.674	0.0898778	0.0909099	0.0733479
0.674667	0.0895084	0.0905678	0.0833573
0.675333	0.0892929	0.090227	0.0885407
0.676	0.0886636	0.0898874	0.0889
0.676667	0.0883998	0.0895492	0.0842932
0.677333	0.0883057	0.0892122	0.0748978
0.678	0.0878776	0.0888765	0.0615338
0.678667	0.0875394	0.088542	0.0448707
0.679333	0.0872909	0.0882088	0.0256959
0.68	0.086712	0.0878769	0.00534826
0.680667	0.0866414	0.0875462	-0.015073
0.681333	0.0861809	0.0872167	-0.0346378
0.682	0.0859305	0.0868885	-0.0520371
0.682667	0.0856478	0.0865615	-0.0662943
0.683333	0.0851598	0.0862358	-0.0768785
0.684	0.0850519	0.0859113	-0.0830459
0.684667	0.0845507	0.085588	-0.0843956
0.685333	0.0843946	0.0852659	-0.0811435
0.686	0.0840629	0.084945	-0.0733843
0.686667	0.0836769	0.0846253	-0.0614306
0.687333	0.0835114	0.0843069	-0.0462297
0.688	0.0829324	0.0839896	-0.0286047
0.688667	0.0828975	0.0836736	-0.00935035
0.689333	0.0824791	0.0833587	0.0102281
0.69	0.0822224	0.083045	0.0290054
0.690667	0.081962	0.0827325	0.0461819
0.691333	0.0814874	0.0824211	0.0606457
0.692	0.0813824	0.082111	0.0715008
0.692667	0.0808578	0.081802	0.0784206
0.693333	0.0807418	0.0814942	0.080957
0.694	0.0803016	0.0811875	0.0788225
0.694667	0.0800612	0.080882	0.0724044
0.695333	0.0795774	0.0805776	0.0620888
0.696	0.0794992	0.0802744	0.0482517
0.696667	0.0790504	0.0799723	0.0318759
0.697333	0.0788795	0.0796713	0.0139802
0.698	0.078588	0.0793715	-0.00467453
0.698667	0.0782033	0.0790728	-0.0229343
0.699333	0.0780661	0.0787753	-0.0396157
0.7	0.0775394	0.0784788	-0.0540343
0.700667	0.077486	0.0781835	-0.0653899
0.701333	0.0771092	0.0778893	-0.0728468
0.702	0.0768489	0.0775962	-0.0762005
0.702667	0.0766197	0.0773041	-0.0753819
0.703333	0.076156	0.0770132	-0.0702204
0.704	0.0760721	0.0767234	-0.0611349
0.704667	0.0755945	0.0764347	-0.0488362
0.705333	0.0754677	0.0761471	-0.0338082
0.706	0.0751357	0.0758605	-0.0169035
0.706667	0.0748081	0.075575	0.000688737
0.707333	0.0746201	0.0752906	0.0181441
0.708	0.0740947	0.0750073	0.034602
0.708667	0.0740492	0.074725	0.0489072
0.709333	0.073636	0.0744438	0.0603414
0.71	0.0734243	0.0741637	0.0684858
0.710667	0.0731576	0.0738846	0.0727055
0.711333	0.0725497	0.0736066	0.0727432
0.712	0.072459	0.0733296	0.0688697
0.712667	0.0723744	0.0730536	0.0612118
0.713333	0.0720566	0.0727787	0.050068
0.714	0.0717757	0.0725048	0.0363158
0.714667	0.0715994	0.072232	0.02074
0.715333	0.0711258	0.0719602	0.00399701
0.716	0.0710885	0.0716894	-0.0128109
0.716667	0.0706921	0.0714196	-0.0286275
0.717333	0.0705252	0.0711508	-0.0428164
0.718	0.0702647	0.0708831	-0.0545526
0.718667	0.0699106	0.0706163	-0.0629914
0.719333	0.069784	0.0703506	-0.0678718
0.72	0.0692955	0.0700858	-0.0690318
0.720667	0.0692513	0.0698221	-0.0661938
0.721333	0.0688966	0.0695593	-0.0596228
0.722	0.0686677	0.0692976	-0.0499036
0.722667	0.0684454	0.0690368	-0.0374011
0.723333	0.0680346	0.068777	-0.0227762
0.724	0.0679432	0.0685182	-0.00709964
0.724667	0.0675113	0.0682603	0.00884201
0.725333	0.0673912	0.0680035	0.0243331
0.726	0.0670931	0.0677476	0.0383035
0.726667	0.0667907	0.0674926	0.049942
0.727333	0.0666251	0.0672386	0.0588525
0.728	0.0661473	0.0669856	0.0644523
0.728667	0.0661086	0.0667335	0.0662848
0.729333	0.0658172	0.0664824	0.0644874
0.73	0.0655946	0.0662322	0.0592255
0.730667	0.0652367	0.065983	0.0505849
0.731333	0.0651463	0.0657347	0.0391793
0.732	0.0647544	0.0654873	0.0258354
0.732667	0.0646503	0.0652408	0.0111044
0.733333	0.0643875	0.0649953	-0.00422428
0.734	0.0641079	0.0647507	-0.0190565
0.734667	0.063972	0.0645071	-0.0326643
0.735333	0.06352	0.0642643	-0.0444739
0.736	0.063509	0.0640225	-0.0536394
0.736667	0.063181	0.0637816	-0.0596101
0.737333	0.0629994	0.0635415	-0.0623111
0.738	0.0627936	0.0633024	-0.0615394
0.738667	0.0624445	0.0630642	-0.0571745
0.739333	0.062359	0.0628269	-0.0496722
0.74	0.0619498	0.0625905	-0.0395592
0.740667	0.0618781	0.0623549	-0.0271871
0.741333	0.0615885	0.0621203	-0.0133099
0.742	0.0613522	0.0618865	0.00108041
0.742667	0.0611806	0.0616536	0.0153373
0.743333	0.0607822	0.0614216	0.0287834
0.744	0.0607271	0.0611905	0.0404498
0.744667	0.0603605	0.0609602	0.0497036
0.745333	0.0602293	0.0607308	0.0562683
0.746	0.0599807	0.0605023	0.0596737
0.746667	0.05944	0.0602746	0.0595985
0.747333	0.0593993	0.0600477	0.0562789
0.748	0.059322	0.0598218	0.0499716
0.748667	0.0589672	0.0595967	0.0408212
0.749333	0.0588321	0.0593724	0.0294324
0.75	0.0585964	0.059149	0.0166502
0.750667	0.0583005	0.0589264	0.00302786
0.751333	0.0581825	0.0587046	-0.0107733
0.752	0.0578065	0.0584837	-0.0237579
0.752667	0.0577264	0.0582636	-0.0352138
0.753333	0.0574685	0.0580444	-0.0447333
0.754	0.0572292	0.0578259	-0.0516843
0.754667	0.0570877	0.0576083	-0.0555349
0.755333	0.0566946	0.0573915	-0.0562876
0.756	0.0566652	0.0571756	-0.0539934
0.756667	0.0563873	0.0569604	-0.0485759
0.757333	0.0562018	0.0567461	-0.0403995
0.758	0.0560375	0.0565325	-0.0301502
0.758667	0.0556987	0.0563198	-0.0182797
0.759333	0.0556462	0.0561078	-0.00531729
0.76	0.0553352	0.0558967	0.00780278
0.760667	0.0552143	0.0556863	0.020294
0.761333	0.055013	0.0554768	0.0316902
0.762	0.0547428	0.055268	0.041315
0.762667	0.0546496	0.05506	0.0484402
0.763333	0.0542859	0.0548528	0.0528255
0.764	0.0542457	0.0546464	0.0543904
0.764667	0.0540085	0.0544408	0.0528682
0.765333	0.053821	0.0542359	0.0483102
0.766	0.0535448	0.0540318	0.041218
0.766667	0.0534626	0.0538285	0.0319693
0.767333	0.0531124	0.0536259	0.020888
0.768	0.0530648	0.0534241	0.00873029
0.768667	0.0528183	0.0532231	-0.00365959
0.769333	0.0526284	0.0530228	-0.0157759
0.77	0.0524843	0.0528232	-0.0270261
0.770667	0.0521545	0.0526245	-0.0365687
0.771333	0.0521113	0.0524264	-0.0438892
0.772	0.0517956	0.0522291	-0.0488133
0.772667	0.0517002	0.0520326	-0.0509947
0.773333	0.051485	0.0518368	-0.0501494
0.774	0.0512519	0.0516417	-0.0465058
0.774667	0.0511358	0.0514474	-0.0404117
0.775333	0.0507674	0.0512538	-0.0320216
0.776	0.0507491	0.0510609	-0.0217729
0.776667	0.0504662	0.0508687	-0.010473
0.777333	0.0503256	0.0506773	0.001271
0.778	0.0501411	0.0504866	0.01301
0.778667	0.0498662	0.0502966	0.0239837
0.779333	0.0497789	0.0501073	0.0334124
0.78	0.0494431	0.0499188	0.0409459
0.780667	0.0493804	0.0497309	0.0462949
0.781333	0.0491428	0.0495438	0.0489741
0.782	0.0486748	0.0493573	0.0488046
0.782667	0.0487798	0.0491716	0.0460365
0.783333	0.0487345	0.0489866	0.0408226
0.784	0.0484321	0.0488022	0.0332604
0.784667	0.0483453	0.0486186	0.0238778
0.785333	0.0481374	0.0484356	0.0133966
0.786	0.0479215	0.0482533	0.00226562
0.786667	0.047807	0.0480717	-0.0090292
0.787333	0.047464	0.0478908	-0.0196699
0.788	0.0474416	0.0477106	-0.0289823
0.788667	0.047175	0.0475311	-0.0366672
0.789333	0.047042	0.0473522	-0.0423326
0.79	0.046868	0.047174	-0.0454603
0.790667	0.0466091	0.0469965	-0.0459303
0.791333	0.0465266	0.0468196	-0.0439437
0.792	0.0462174	0.0466435	-0.0395385
0.792667	0.0461515	0.0464679	-0.032796
0.793333	0.0459343	0.0462931	-0.0242491
0.794	0.0457434	0.0461188	-0.0145354
0.794667	0.0456171	0.0459453	-0.00402971
0.795333	0.0453033	0.0457724	0.00677824
0.796	0.0452666	0.0456001	0.0170823
0.796667	0.0450228	0.0454285	0.0262566
0.797333	0.0448836	0.0452576	0.0340109
0.798	0.0447298	0.0450873	0.039928
0.798667	0.0444689	0.0449176	0.0434777
0.799333	0.0444038	0.0447486	0.0445222
0.8	0.0443853	0.0445802	0.0432266
0.800667	0.0441741	0.0444124	0.0395944
0.801333	0.0440102	0.0442453	0.0336601
0.802	0.0438852	0.0440788	0.0258969
0.802667	0.043604	0.0439129	0.0169124
0.803333	0.043564	0.0437477	0.00706139
0.804	0.0432945	0.043583	-0.00322997
0.804667	0.0432114	0.043419	-0.0132036
0.805333	0.0430269	0.0432556	-0.0222083
0.806	0.042828	0.0430928	-0.0299462
0.806667	0.0427276	0.0429307	-0.0360569
0.807333	0.0424147	0.0427691	-0.0400039
0.808	0.0423971	0.0426082	-0.0415558
0.808667	0.0421637	0.0424478	-0.0408558
0.809333	0.0420362	0.0422881	-0.0379539
0.81	0.0418859	0.042129	-0.0328182
0.810667	0.0416457	0.0419704	-0.0257893
0.811333	0.0415774	0.0418125	-0.0174787
0.812	0.0413091	0.0416551	-0.00829415
0.812667	0.0412388	0.0414984	0.00144078
0.813333	0.0410526	0.0413422	0.0110873
0.814	0.040871	0.0411866	0.0199239
0.814667	0.0407658	0.0410316	0.0275769
0.815333	0.040476	0.0408772	0.0337983
0.816	0.0404492	0.0407234	0.0381192
0.816667	0.0402403	0.0405702	0.0401571
0.817333	0.0398576	0.0404175	0.0399639
0.818	0.039935	0.0402654	0.0377078
0.818667	0.039914	0.0401139	0.033369
0.819333	0.0397016	0.0399629	0.0270795
0.82	0.0396032	0.0398125	0.0193768
0.820667	0.039469	0.0396627	0.0108134
0.821333	0.039264	0.0395134	0.00169397
0.822	0.0392069	0.0393647	-0.0075673
0.822667	0.0389515	0.0392166	-0.0162661
0.823333	0.0389162	0.039069	-0.0238338
0.824	0.0387378	0.038922	-0.0300475
0.824667	0.0385973	0.0387755	-0.0346476
0.825333	0.038495	0.0386296	-0.0371952
0.826	0.0382511	0.0384843	-0.037495
0.826667	0.0382238	0.0383394	-0.0357438
0.827333	0.0379956	0.0381952	-0.0321165
0.828	0.0379249	0.0380514	-0.0266318
0.828667	0.0377717	0.0379082	-0.0195528
0.829333	0.0375989	0.0377656	-0.0114855
0.83	0.0375197	0.0376235	-0.00294159
0.830667	0.0372465	0.0374819	0.00579757
0.831333	0.0372403	0.0373408	0.0142955
0.832	0.0370355	0.0372003	0.0218809
0.832667	0.0369341	0.0370603	0.0280838
0.833333	0.0368023	0.0369208	0.0327662
0.834	0.0366018	0.0367819	0.0357345
0.834667	0.0365421	0.0366435	0.0366395
0.835333	0.0363939	0.0365056	0.0353855
0.836	0.036163	0.0363682	0.0322529
0.836667	0.0360947	0.0362314	0.0274982
0.837333	0.0359355	0.036095	0.0212077
0.838	0.03577	0.0359592	0.0136685
0.838667	0.0356815	0.0358239	0.00549817
0.839333	0.0354222	0.0356891	-0.002757
0.84	0.0354016	0.0355547	-0.0108176
0.840667	0.0352125	0.0354209	-0.0183319
0.841333	0.0350965	0.0352877	-0.0247096
0.842	0.0349767	0.0351549	-0.0294938
0.842667	0.0347668	0.0350226	-0.0325956
0.843333	0.0347152	0.0348908	-0.0339776
0.844	0.0345059	0.0347595	-0.0334207
0.844667	0.0344288	0.0346287	-0.0308332
0.845333	0.0342872	0.0344984	-0.026516
0.846	0.034118	0.0343685	-0.0208749
0.846667	0.0340433	0.0342392	-0.0141101
0.847333	0.033821	0.0341103	-0.00644223
0.848	0.0337747	0.033982	0.00158928
0.848667	0.0336187	0.0338541	0.00935532
0.849333	0.0334819	0.0337267	0.0165058
0.85	0.0333914	0.0335998	0.0228351
0.850667	0.0331657	0.0334733	0.0279408
0.851333	0.0331397	0.0333474	0.0313512
0.852	0.0329735	0.0332219	0.0329142
0.852667	0.0327324	0.0330969	0.0327562
0.853333	0.0327777	0.0329723	0.0309056
0.854	0.0326729	0.0328482	0.02728
0.854667	0.0324689	0.0327246	0.022055
0.855333	0.0324272	0.0326015	0.0157252
0.856	0.032245	0.0324788	0.00872682
0.856667	0.0321583	0.0323566	0.00127904
0.857333	0.0320384	0.0322348	-0.00630732
0.858	0.0318666	0.0321135	-0.0134528
0.858667	0.0318083	0.0319927	-0.0196227
0.859333	0.0316167	0.0318723	-0.0246055
0.86	0.0315553	0.0317523	-0.0282978
0.860667	0.0314247	0.0316328	-0.030414
0.861333	0.0312799	0.0315138	-0.0306625
0.862	0.0312095	0.0313952	-0.0290902
0.862667	0.0310098	0.0312771	-0.0259944
0.863333	0.0309716	0.0311594	-0.0215598
0.864	0.0308318	0.0310421	-0.0158485
0.864667	0.0307116	0.0309253	-0.00913984
0.865333	0.0306309	0.0308089	-0.00199811
0.866	0.03043	0.030693	0.00507807
0.866667	0.0304075	0.0305775	0.0118505
0.867333	0.0302574	0.0304624	0.0180823
0.868	0.0301623	0.0303478	0.0233125
0.868667	0.0300705	0.0302336	0.0270848
0.869333	0.0298958	0.0301198	0.0292672
0.87	0.0298614	0.0300064	0.029941
0.870667	0.0298665	0.0298935	0.0290701
0.871333	0.0296503	0.029781	0.0265208
0.872	0.0296306	0.029669	0.0223979
0.872667	0.0294733	0.0295573	0.0171207
0.873333	0.0293735	0.0294461	0.0110999
0.874	0.0292745	0.0293353	0.00453536
0.874667	0.0290959	0.0292249	-0.00235693
0.875333	0.0290544	0.0291149	-0.00910048
0.876	0.028874	0.0290053	-0.0151352
0.876667	0.0288135	0.0288962	-0.020154
0.877333	0.0286896	0.0287874	-0.0240773
0.878	0.0285522	0.0286791	-0.0267399
0.878667	0.0284843	0.0285712	-0.0278269
0.879333	0.0282868	0.0284637	-0.0271785
0.88	0.0282584	0.0283565	-0.0249774
0.880667	0.0281159	0.0282498	-0.02152
0.881333	0.0280126	0.0281435	-0.016939
0.882	0.0279243	0.0280376	-0.0113094
0.882667	0.0277472	0.0279321	-0.00494702
0.883333	0.0277125	0.027827	0.00160157
0.884	0.0275564	0.0277223	0.00788605
0.884667	0.027481	0.027618	0.0137082
0.885333	0.0273777	0.027514	0.0188937
0.886	0.0272302	0.0274105	0.0230711
0.886667	0.027179	0.0273073	0.0258303
0.887333	0.0270132	0.0272046	0.0270326
0.888	0.0267784	0.0271022	0.0268089
0.888667	0.0268803	0.0270002	0.0252624
0.889333	0.0268625	0.0268986	0.0223406
0.89	0.0267184	0.0267974	0.0180676
0.890667	0.0266564	0.0266965	0.0127701
0.891333	0.0265648	0.0265961	0.00693753
0.892	0.0264313	0.026496	0.000912113
0.892667	0.0263914	0.0263963	-0.00514782
0.893333	0.0262219	0.0262969	-0.0110054
0.894	0.0261986	0.026198	-0.0162076
0.894667	0.0260817	0.0260994	-0.0203023
0.895333	0.025987	0.0260012	-0.0231112
0.896	0.0259218	0.0259033	-0.0246748
0.896667	0.025757	0.0258059	-0.0249725
0.897333	0.0257426	0.0257087	-0.0238409
0.898	0.0255977	0.025612	-0.0212122
0.898667	0.0255447	0.0255156	-0.0173232
0.899333	0.0254514	0.0254196	-0.0125851
0.9	0.0253284	0.0253239	-0.00729325
0.900667	0.0252859	0.0252286	-0.0015772
0.901333	0.0251111	0.0251337	0.00436245
0.902	0.0251018	0.0250391	0.010093
0.902667	0.0249784	0.0249449	0.015117
0.903333	0.0248994	0.024851	0.0191528
0.904	0.0248268	0.0247575	0.0221574
0.904667	0.0246793	0.0246643	0.0240823
0.905333	0.0246565	0.0245715	0.0247223
0.906	0.0245697	0.0244791	0.0238745
0.906667	0.0244624	0.0243869	0.0215937
0.907333	0.0243673	0.0242952	0.0181916
0.908	0.02431	0.0242037	0.0139804
0.908667	0.0241475	0.0241127	0.00910115
0.909333	0.0241392	0.0240219	0.00365306
0.91	0.0240021	0.0239315	-0.00207217
0.910667	0.0239506	0.0238415	-0.00758634
0.911333	0.0238633	0.0237517	-0.0124557
0.912	0.0237446	0.0236624	-0.0164934
0.912667	0.0237063	0.0235733	-0.019662
0.913333	0.023539	0.0234846	-0.0218357
0.914	0.0235315	0.0233962	-0.0227508
0.914667	0.0234136	0.0233082	-0.0222165
0.915333	0.0233394	0.0232205	-0.0203175
0.916	0.0232703	0.0231331	-0.0173503
0.916667	0.0231305	0.023046	-0.013574
0.917333	0.0231093	0.0229593	-0.00908825
0.918	0.0229609	0.0228729	-0.00397767
0.918667	0.022931	0.0227868	0.00147725
0.919333	0.022831	0.0227011	0.00680611
0.92	0.022736	0.0226157	0.0115801
0.920667	0.0226836	0.0225305	0.0155993
0.921333	0.0225247	0.0224458	0.0188243
0.922	0.0225191	0.0223613	0.0211576
0.922667	0.0223886	0.0222771	0.0223568
0.923333	0.0221347	0.0221933	0.0221937
0.924	0.0219271	0.0221098	0.0206716
0.924667	0.0218767	0.0220266	0.0180418
0.925333	0.0217408	0.0219437	0.0146014
0.926	0.021714	0.0218611	0.0105084
0.926667	0.021617	0.0217789	0.00582227
0.927333	0.0215366	0.0216969	0.000704695
0.928	0.0214779	0.0216153	-0.00446898
0.928667	0.021345	0.0215339	-0.00923318
0.929333	0.0213239	0.0214529	-0.0132615
0.93	0.0212184	0.0213721	-0.0164559
0.930667	0.0211553	0.0212917	-0.0188121
0.931333	0.0210878	0.0212116	-0.0202299
0.932	0.0209725	0.0211318	-0.0204927
0.932667	0.0209423	0.0210522	-0.0194413
0.933333	0.0208275	0.020973	-0.0171523
0.934	0.0207824	0.0208941	-0.0139223
0.934667	0.0207054	0.0208155	-0.0100749
0.935333	0.0206085	0.0207371	-0.00579502
0.936	0.0205686	0.0206591	-0.00115784
0.936667	0.0204432	0.0205814	0.00369563
0.937333	0.0204173	0.0205039	0.00843908
0.938	0.0203298	0.0204267	0.0126382
0.938667	0.0202521	0.0203499	0.0159546
0.939333	0.0202016	0.0202733	0.0182762
0.94	0.0200732	0.020197	0.0196521
0.940667	0.0200591	0.020121	0.0201126
0.941333	0.0201328	0.0200453	0.0195664
0.942	0.0200742	0.0199698	0.0178807
0.942667	0.0199583	0.0198947	0.0150609
0.943333	0.0199395	0.0198198	0.0113456
0.944	0.0198201	0.0197452	0.00711879
0.944667	0.01979	0.0196709	0.00272005
0.945333	0.0197113	0.0195969	-0.00167057
0.946	0.0196261	0.0195232	-0.00597602
0.946667	0.0195873	0.0194497	-0.0100643
0.947333	0.0194482	0.0193765	-0.0136543
0.948	0.0194484	0.0193036	-0.016385
0.948667	0.0193492	0.019231	-0.0179909
0.949333	0.0192951	0.0191586	-0.0184265
0.95	0.0192359	0.0190865	-0.0178333
0.950667	0.0191278	0.0190147	-0.0163869
0.951333	0.0191076	0.0189431	-0.0141647
0.952	0.0189877	0.0188718	-0.0111527
0.952667	0.018965	0.0188008	-0.00737539
0.953333	0.0188849	0.01873	-0.00302606
0.954	0.0188083	0.0186596	0.00152568
0.954667	0.0187673	0.0185893	0.0058631
0.955333	0.018638	0.0185194	0.00968435
0.956	0.0186353	0.0184497	0.0128698
0.956667	0.0185343	0.0183803	0.0154107
0.957333	0.0184892	0.0183111	0.0172711
0.958	0.0184273	0.0182422	0.0183072
0.958667	0.0182656	0.0181735	0.0183143
0.959333	0.0178287	0.0181052	0.0171633
0.96	0.0177214	0.018037	0.0149169
0.960667	0.0176868	0.0179691	0.0118316
0.961333	0.0176089	0.0179015	0.00824418
0.962	0.0175339	0.0178342	0.00442904
0.962667	0.0174851	0.017767	0.000529764
0.963333	0.0173713	0.0177002	-0.00339244
0.964	0.0173503	0.0176336	-0.0072424
0.964667	0.0172651	0.0175672	-0.0108046
0.965333	0.0172047	0.0175011	-0.0137579
0.966	0.0171478	0.0174353	-0.0157866
0.966667	0.0170485	0.0173696	-0.0167099
0.967333	0.0170198	0.0173043	-0.0165436
0.968	0.016928	0.0172392	-0.0154548
0.968667	0.0168812	0.0171743	-0.0136464
0.969333	0.016817	0.0171097	-0.0112526
0.97	0.0167323	0.0170453	-0.00831447
0.970667	0.0166955	0.0169811	-0.00484426
0.971333	0.0165976	0.0169172	-0.000929067
0.972	0.0165638	0.0168536	0.00320297
0.972667	0.016493	0.0167901	0.00720192
0.973333	0.0164231	0.016727	0.0106929
0.974	0.0163807	0.016664	0.0133939
0.974667	0.0162811	0.0166013	0.0151867
0.975333	0.0162714	0.0165388	0.0161052
0.976	0.0162122	0.0164766	0.0162555
0.976667	0.0158924	0.0164146	0.0157198
0.977333	0.0158416	0.0163528	0.0145053
0.978	0.0157444	0.0162913	0.0125627
0.978667	0.0157206	0.01623	0.00986233
0.979333	0.0156341	0.0161689	0.00647853
0.98	0.0155899	0.016108	0.00263166
0.980667	0.0155296	0.0160474	-0.00133806
0.981333	0.01545	0.015987	-0.0050535
0.982	0.0154165	0.0159269	-0.00820003
0.982667	0.0153236	0.0158669	-0.0105947
0.983333	0.0153	0.0158072	-0.0121968
0.984	0.0152394	0.0157477	-0.0130609
0.984667	0.0158092	0.0156885	-0.0132634
0.985333	0.0163668	0.0156294	-0.0128403
0.986	0.0162531	0.0155706	-0.0117674
0.986667	0.0162314	0.015512	-0.00998986
0.987333	0.0161583	0.0154537	-0.00748457
0.988	0.0160728	0.0153955	-0.00432254
0.988667	0.0160326	0.0153376	-0.000701293
0.989333	0.0163217	0.0152799	0.00306954
0.99	0.0165599	0.0152224	0.0066254
0.990667	0.0165828	0.0151651	0.00962574
0.991333	0.0162982	0.015108	0.0118261
0.992	0.0156445	0.0150511	0.0131196
0.992667	0.0147786	0.0149945	0.0135361
0.993333	0.0143579	0.0149381	0.0132043
0.994	0.0139041	0.0148819	0.0122936
0.994667	0.0135383	0.0148259	0.0109569
0.995333	0.0134445	0.0147701	0.00929359
0.996	0.0138554	0.0147145	0.00734172
0.996667	0.0147154	0.0146591	0.00509848
0.997333	0.0158583	0.0146039	0.00255803
0.998	0.0168651	0.014549	-0.000247752
0.998667	0.0175113	0.0144942	-0.00321988
0.999333	0	0.0144397	0
