0	0.999686	1	-0.00070367
0.000769231	1.01093	1	0.23149
0.00153846	1.0092	1	0.484844
0.00230769	1.00447	1	0.701987
0.00307692	1.00323	1	0.866741
0.00384615	0.995881	1	0.96684
0.00461538	0.997447	1	0.994822
0.00538462	0.995423	1	0.948596
0.00615385	0.998391	1	0.831626
0.00692308	1.00202	1	0.652598
0.00769231	1.00371	1	0.424879
0.00846154	1.0097	1	0.165411
0.00923077	1.00845	1	-0.10646
0.01	1.01025	1	-0.370489
0.0107692	1.00777	1	-0.606996
0.0115385	1.00234	1	-0.798379
0.0123077	1.00119	1	-0.930347
0.0130769	0.995152	1	-0.993117
0.0138462	0.992702	1	-0.981951
0.0146154	0.997765	1	-0.897748
0.0153846	0.999725	1	-0.746713
0.0161538	1.00299	1	-0.540165
0.0169231	1.00822	1	-0.293422
0.0176923	1.00733	1	-0.0249458
0.0184615	1.01114	1	0.245362
0.0192308	1.00826	1	0.497238
0.02	1.00509	1	0.71207
0.0207692	1.00278	1	0.873678
0.0215385	0.996414	1	0.970215
0.0223077	0.997507	1	0.994286
0.0230769	0.994737	1	0.944308
0.0238462	0.998908	1	0.823785
0.0246154	1.00146	1	0.641935
0.0253846	1.00474	1	0.412037
0.0261538	1.00969	1	0.151526
0.0269231	1.00797	1	-0.120539
0.0276923	1.01057	1	-0.383502
0.0284615	1.00675	1	-0.618185
0.0292308	1.00291	1	-0.806676
0.03	1.00065	1	-0.935372
0.0307692	0.994318	1	-0.994227
0.0315385	0.993544	1	-0.979344
0.0323077	0.998211	1	-0.8913
0.0330769	0.998875	1	-0.73724
0.0338462	1.00376	1	-0.528
0.0346154	1.00782	1	-0.279853
0.0353846	1.00818	1	-0.010575
0.0361538	1.01131	1	0.259051
0.0369231	1.00727	1	0.509668
0.0376923	1.00568	1	0.721858
0.0384615	1.002	1	0.880594
0.0392308	0.996895	1	0.973221
0.04	0.997201	1	0.993723
0.0407692	0.994266	1	0.939641
0.0415385	0.999383	1	0.815963
0.0423077	1.0009	1	0.630939
0.0430769	1.00579	1	0.399311
0.0438462	1.00936	1	0.137385
0.0446154	1.00762	1	-0.134372
0.0453846	1.01045	1	-0.396684
0.0461538	1.00588	1	-0.629013
0.0469231	1.00339	1	-0.815069
0.0476923	1.00017	1	-0.939962
0.0484615	0.995406	1	-0.995406
0.0492308	0.994246	1	-0.976282
0.05	0.998195	1	-0.884959
0.0507692	0.997887	1	-0.727342
0.0515385	1.00439	1	-0.516029
0.0523077	1.00753	1	-0.265946
0.0530769	1.00854	1	0.00349632
0.0538462	1.01129	1	0.272965
0.0546154	1.00578	1	0.521693
0.0553846	1.00577	1	0.731781
0.0561538	1.00098	1	0.887024
0.0569231	0.997216	1	0.976317
0.0576923	0.996991	1	0.992652
0.0584615	0.993819	1	0.935057
0.0592308	0.999769	1	0.80769
0.06	1.00057	1	0.620068
0.0607692	1.00639	1	0.386237
0.0615385	1.00868	1	0.123458
0.0623077	1.00848	1	-0.148437
0.0630769	1.01038	1	-0.409555
0.0638462	1.00517	1	-0.639951
0.0646154	1.00388	1	-0.823097
0.0653846	0.999309	1	-0.944563
0.0661538	0.996222	1	-0.996222
0.0669231	0.994962	1	-0.973187
0.0676923	0.998123	1	-0.878306
0.0684615	0.998335	1	-0.717438
0.0692308	1.00506	1	-0.503848
0.07	1.00696	1	-0.252094
0.0707692	1.00954	1	0.0176342
0.0715385	1.01082	1	0.286758
0.0723077	1.00638	1	0.533639
0.0730769	1.00569	1	0.741528
0.0738462	1.00001	1	0.893265
0.0746154	0.997779	1	0.979219
0.0753846	0.99663	1	0.991339
0.0761538	0.99514	1	0.930322
0.0769231	0.99975	1	0.799181
0.0776923	1.00046	1	0.609136
0.0784615	1.00671	1	0.372991
0.0792308	1.00822	1	0.10959
0.08	1.00932	1	-0.162585
0.0807692	1.01023	1	-0.422236
0.0815385	1.00439	1	-0.650898
0.0823077	1.00404	1	-0.830828
0.0830769	0.998313	1	-0.949125
0.0838462	0.996702	1	-0.996702
0.0846154	0.995377	1	-0.970045
0.0853846	0.998002	1	-0.871348
0.0861538	0.99911	1	-0.707532
0.0869231	1.00549	1	-0.49144
0.0876923	1.00606	1	-0.238337
0.0884615	1.01022	1	0.0318982
0.0892308	1.01017	1	0.300345
0.09	1.00696	1	0.545603
0.0907692	1.00554	1	0.750985
0.0915385	0.998858	1	0.899438
0.0923077	0.998253	1	0.9818
0.0930769	0.995964	1	0.989922
0.0938462	0.996164	1	0.92529
0.0946154	0.999519	1	0.790595
0.0953846	1.00004	1	0.597981
0.0961538	1.00692	1	0.359751
0.0969231	1.00811	1	0.0955983
0.0976923	1.01001	1	-0.176614
0.0984615	1.00978	1	-0.434937
0.0992308	1.00424	1	-0.661628
0.1	1.00397	1	-0.838486
0.100769	0.997892	1	-0.953427
0.101538	0.997054	1	-0.997054
0.102308	0.99579	1	-0.966653
0.103077	0.997608	1	-0.864281
0.103846	0.999733	1	-0.697427
0.104615	1.00565	1	-0.479007
0.105385	1.00535	1	-0.224468
0.106154	1.01075	1	0.0460797
0.106923	1.00946	1	0.313922
0.107692	1.00723	1	0.557405
0.108462	1.00516	1	0.760307
0.109231	0.998997	1	0.905418
0.11	0.99841	1	0.984159
0.110769	0.995073	1	0.988328
0.111538	0.996939	1	0.92002
0.112308	0.999233	1	0.781893
0.113077	1.0013	1	0.586637
0.113846	1.00703	1	0.346501
0.114615	1.00791	1	0.0814952
0.115385	1.0104	1	-0.19051
0.116154	1.00902	1	-0.447684
0.116923	1.00501	1	-0.672078
0.117692	1.00373	1	-0.846157
0.118462	0.997084	1	-0.957352
0.119231	0.997406	1	-0.997406
0.12	0.996327	1	-0.962886
0.120769	0.996841	1	-0.857217
0.121538	1.00031	1	-0.687037
0.122308	1.00546	1	-0.466615
0.123077	1.00631	1	-0.210451
0.123846	1.01117	1	0.0601521
0.124615	1.00874	1	0.327504
0.125385	1.00749	1	0.56903
0.126154	1.00461	1	0.769501
0.126923	0.999505	1	0.911203
0.127692	0.998151	1	0.986276
0.128462	0.993885	1	0.986608
0.129231	0.997385	1	0.914425
0.13	0.998869	1	0.773205
0.130769	1.00254	1	0.574948
0.131538	1.00718	1	0.333419
0.132308	1.00747	1	0.0671122
0.133077	1.0106	1	-0.204119
0.133846	1.00842	1	-0.460589
0.134615	1.00536	1	-0.682177
0.135385	1.00314	1	-0.853858
0.136154	0.996257	1	-0.960922
0.136923	0.9977	1	-0.9977
0.137692	0.996963	1	-0.958823
0.138462	0.995935	1	-0.850054
0.139231	1.00075	1	-0.676492
0.14	1.00475	1	-0.454099
0.140769	1.00735	1	-0.196501
0.141538	1.01113	1	0.0743837
0.142308	1.00801	1	0.340761
0.143077	1.00827	1	0.580852
0.143846	1.00425	1	0.778163
0.144615	0.999397	1	0.917201
0.145385	0.997804	1	0.987771
0.146154	0.992081	1	0.985087
0.146923	0.997248	1	0.908264
0.147692	0.998208	1	0.764681
0.148462	1.00323	1	0.562872
0.149231	1.00731	1	0.320457
0.15	1.00762	1	0.0525914
0.150769	1.01112	1	-0.217657
0.151538	1.00816	1	-0.473355
0.152308	1.00569	1	-0.692291
0.153077	1.00188	1	-0.861143
0.153846	0.996636	1	-0.964656
0.154615	0.997343	1	-0.997343
0.155385	0.997489	1	-0.955117
0.156154	0.995493	1	-0.842108
0.156923	1.002	1	-0.666481
0.157692	1.00422	1	-0.440815
0.158462	1.00783	1	-0.183176
0.159231	1.01039	1	0.0891915
0.16	1.00812	1	0.353445
0.160769	1.00809	1	0.592919
0.161538	1.00378	1	0.786441
0.162308	0.999871	1	0.923063
0.163077	0.998059	1	0.989175
0.163846	0.993799	1	0.983074
0.164615	0.997521	1	0.902366
0.165385	0.998623	1	0.75539
0.166154	1.00326	1	0.551413
0.166923	1.00639	1	0.306583
0.167692	1.00809	1	0.0389724
0.168462	1.01131	1	-0.232116
0.169231	1.0068	1	-0.485069
0.17	1.00671	1	-0.703185
0.170769	1.00125	1	-0.867443
0.171538	0.997714	1	-0.968864
0.172308	0.996323	1	-0.996323
0.173077	0.996589	1	-0.951456
0.173846	0.996669	1	-0.834022
0.174615	1.00235	1	-0.656039
0.175385	1.00435	1	-0.42802
0.176154	1.00869	1	-0.168994
0.176923	1.01071	1	0.102935
0.177692	1.00807	1	0.367254
0.178462	1.00788	1	0.603561
0.179231	1.00176	1	0.795887
0.18	0.999767	1	0.927439
0.180769	0.997156	1	0.991559
0.181538	0.994394	1	0.979849
0.182308	0.998138	1	0.897045
0.183077	0.997302	1	0.745466
0.183846	1.00463	1	0.539987
0.184615	1.00628	1	0.292835
0.185385	1.00909	1	0.0248017
0.186154	1.01009	1	-0.245663
0.186923	1.00674	1	-0.497856
0.187692	1.00608	1	-0.712535
0.188462	1.0006	1	-0.875143
0.189231	0.998547	1	-0.971236
0.19	0.996729	1	-0.996729
0.190769	0.996977	1	-0.946105
0.191538	0.996757	1	-0.827056
0.192308	1.00223	1	-0.644495
0.193077	1.00308	1	-0.415736
0.193846	1.00834	1	-0.154622
0.194615	1.00989	1	0.116948
0.195385	1.00872	1	0.380244
0.196154	1.00847	1	0.615221
0.196923	1.00137	1	0.803678
0.197692	1.0008	1	0.933364
0.198462	0.996325	1	0.99185
0.199231	0.995483	1	0.978327
0.2	0.996933	1	0.889742
0.200769	0.99759	1	0.736951
0.201538	1.00404	1	0.527221
0.202308	1.00601	1	0.27982
0.203077	1.00992	1	0.0103143
0.203846	1.01064	1	-0.25938
0.204615	1.00706	1	-0.509815
0.205385	1.00657	1	-0.72295
0.206154	1.00042	1	-0.881069
0.206923	0.998403	1	-0.975306
0.207692	0.99608	1	-0.994887
0.208462	0.995787	1	-0.942631
0.209231	0.997912	1	-0.817997
0.21	1.00268	1	-0.634475
0.210769	1.0036	1	-0.402129
0.211538	1.00994	1	-0.140962
0.212308	1.00967	1	0.131104
0.213077	1.00911	1	0.393568
0.213846	1.00748	1	0.625775
0.214615	1.00195	1	0.81277
0.215385	0.999803	1	0.937243
0.216154	0.995131	1	0.994029
0.216923	0.995691	1	0.97443
0.217692	0.997359	1	0.884328
0.218462	0.998946	1	0.726468
0.219231	1.00519	1	0.51575
0.22	1.00529	1	0.265861
0.220769	1.01061	1	-0.00389545
0.221538	1.0096	1	-0.272711
0.222308	1.00706	1	-0.52261
0.223077	1.00529	1	-0.731772
0.223846	0.99973	1	-0.888669
0.224615	0.998574	1	-0.977094
0.225385	0.995	1	-0.995
0.226154	0.996194	1	-0.936941
0.226923	0.998617	1	-0.810512
0.227692	1.00287	1	-0.623038
0.228462	1.0042	1	-0.389184
0.229231	1.0095	1	-0.127155
0.23	1.00777	1	0.145728
0.230769	1.00938	1	0.405732
0.231538	1.00681	1	0.637748
0.232308	1.00229	1	0.819811
0.233077	1.00055	1	0.942967
0.233846	0.994829	1	0.99399
0.234615	0.997187	1	0.972131
0.235385	0.996717	1	0.877307
0.236154	1.00024	1	0.716753
0.236923	1.00416	1	0.503832
0.237692	1.00569	1	0.251573
0.238462	1.00995	1	-0.0172642
0.239231	1.00965	1	-0.28732
0.24	1.00756	1	-0.533624
0.240769	1.00568	1	-0.742311
0.241538	0.998873	1	-0.894233
0.242308	0.999394	1	-0.980366
0.243077	0.994268	1	-0.993582
0.243846	0.994756	1	-0.931928
0.244615	0.999087	1	-0.802549
0.245385	1.00159	1	-0.611233
0.246154	1.00571	1	-0.376937
0.246923	1.00909	1.00001	-0.112116
0.247692	1.00837	1.00003	0.158803
0.248462	1.00938	1.00016	0.419432
0.249231	1.00624	1.00052	0.647677
0.25	0.998786	1	0.826517
0.250769	0.99462	0.996175	0.943634
0.251538	0.985732	0.991492	0.988711
0.252308	0.984757	0.987066	0.962422
0.253077	0.979007	0.982755	0.862469
0.253846	0.974486	0.978484	0.701713
0.254615	0.970853	0.974236	0.48821
0.255385	0.964638	0.970007	0.241678
0.256154	0.963201	0.965796	-0.0213193
0.256923	0.957071	0.961604	-0.280723
0.257692	0.954771	0.95743	-0.51608
0.258462	0.950472	0.953274	-0.712795
0.259231	0.945153	0.949136	-0.852899
0.26	0.942742	0.945016	-0.930727
0.260769	0.936183	0.940913	-0.936848
0.261538	0.931241	0.936829	-0.875027
0.262308	0.929425	0.932762	-0.747916
0.263077	0.924878	0.928713	-0.566662
0.263846	0.920993	0.924682	-0.345547
0.264615	0.918008	0.920668	-0.0995465
0.265385	0.911515	0.916672	0.149942
0.266154	0.910367	0.912692	0.388009
0.266923	0.905152	0.908731	0.593262
0.267692	0.901622	0.904786	0.754229
0.268462	0.898274	0.900858	0.856705
0.269231	0.892307	0.896948	0.895052
0.27	0.890373	0.893054	0.866893
0.270769	0.885234	0.889178	0.773636
0.271538	0.881804	0.885318	0.625166
0.272308	0.877896	0.881475	0.42982
0.273077	0.872764	0.877649	0.205952
0.273846	0.871448	0.873839	-0.0328005
0.274615	0.864795	0.870046	-0.266061
0.275385	0.864018	0.866269	-0.478037
0.276154	0.858722	0.862509	-0.652967
0.276923	0.855444	0.858764	-0.777148
0.277692	0.852098	0.855037	-0.843924
0.278462	0.846061	0.851325	-0.84599
0.279231	0.842589	0.84763	-0.786886
0.28	0.840913	0.84395	-0.668606
0.280769	0.835996	0.840287	-0.502714
0.281538	0.832793	0.836639	-0.300658
0.282308	0.830199	0.833007	-0.0778525
0.283077	0.824649	0.829391	0.147926
0.283846	0.823579	0.825791	0.361932
0.284615	0.817715	0.822207	0.545718
0.285385	0.81594	0.818638	0.688768
0.286154	0.811886	0.815084	0.778234
0.286923	0.807358	0.811546	0.809842
0.287692	0.805215	0.808023	0.780832
0.288462	0.800024	0.804515	0.693691
0.289231	0.79794	0.801023	0.556645
0.29	0.793725	0.797546	0.378213
0.290769	0.790165	0.794084	0.174552
0.291538	0.787955	0.790637	-0.041591
0.292308	0.781814	0.787205	-0.251885
0.293077	0.781556	0.783788	-0.44219
0.293846	0.775827	0.780386	-0.598134
0.294615	0.774172	0.776998	-0.707819
0.295385	0.770271	0.773625	-0.765052
0.296154	0.76423	0.770267	-0.763862
0.296923	0.76239	0.766923	-0.707271
0.297692	0.760805	0.763594	-0.59772
0.298462	0.755347	0.76028	-0.445466
0.299231	0.75356	0.756979	-0.261372
0.3	0.750388	0.753693	-0.0591975
0.300769	0.746116	0.750422	0.144778
0.301538	0.744742	0.747164	0.33724
0.302308	0.738652	0.743921	0.501792
0.303077	0.738259	0.740692	0.628646
0.303846	0.733847	0.737476	0.706965
0.304615	0.730874	0.734275	0.732365
0.305385	0.728209	0.731088	0.703336
0.306154	0.722753	0.727914	0.621671
0.306923	0.721916	0.724754	0.495472
0.307692	0.717541	0.721608	0.332471
0.308462	0.715103	0.718476	0.147155
0.309231	0.712134	0.715357	-0.0482548
0.31	0.707789	0.712252	-0.238109
0.310769	0.706738	0.70916	-0.408569
0.311538	0.701101	0.706082	-0.547833
0.312308	0.700529	0.703017	-0.64442
0.313077	0.696307	0.699965	-0.693402
0.313846	0.690007	0.696927	-0.689613
0.314615	0.689845	0.693901	-0.63543
0.315385	0.688327	0.690889	-0.534303
0.316154	0.682859	0.68789	-0.394337
0.316923	0.681984	0.684904	-0.22691
0.317692	0.67802	0.681931	-0.0433337
0.318462	0.675112	0.678971	0.140859
0.319231	0.673152	0.676024	0.313814
0.32	0.668475	0.673089	0.461294
0.320769	0.667684	0.670167	0.573452
0.321538	0.663168	0.667258	0.642191
0.322308	0.661513	0.664362	0.662068
0.323077	0.658538	0.661478	0.633391
0.323846	0.654579	0.658607	0.557009
0.324615	0.653159	0.655748	0.440689
0.325385	0.648319	0.652901	0.292101
0.326154	0.647153	0.650067	0.123218
0.326923	0.643406	0.647245	-0.0531376
0.327692	0.640637	0.644436	-0.224669
0.328462	0.638774	0.641638	-0.377284
0.329231	0.633782	0.638853	-0.501461
0.33	0.633567	0.63608	-0.586717
0.330769	0.629281	0.633319	-0.628124
0.331538	0.623989	0.630569	-0.622613
0.332308	0.624401	0.627832	-0.570623
0.333077	0.622622	0.625107	-0.477456
0.333846	0.617647	0.622393	-0.348925
0.334615	0.617289	0.619692	-0.196423
0.335385	0.612784	0.617002	-0.0301926
0.336154	0.611284	0.614323	0.136578
0.336923	0.608434	0.611657	0.291529
0.337692	0.604989	0.609002	0.423949
0.338462	0.603597	0.606358	0.522983
0.339231	0.598867	0.603726	0.583046
0.34	0.598287	0.601105	0.598641
0.340769	0.595145	0.598496	0.56996
0.341538	0.592458	0.595898	0.499191
0.342308	0.590802	0.593311	0.391575
0.343077	0.586042	0.590736	0.256401
0.343846	0.585772	0.588171	0.102595
0.344615	0.581531	0.585618	-0.0568836
0.345385	0.580096	0.583076	-0.211238
0.346154	0.577389	0.580545	-0.348524
0.346923	0.573856	0.578025	-0.458557
0.347692	0.572764	0.575516	-0.534189
0.348462	0.568743	0.573018	-0.56889
0.349231	0.565179	0.57053	-0.561788
0.35	0.564868	0.568054	-0.51263
0.350769	0.56256	0.565588	-0.42609
0.351538	0.558953	0.563133	-0.308899
0.352308	0.558211	0.560688	-0.169398
0.353077	0.553824	0.558254	-0.0192304
0.353846	0.553299	0.555831	0.131655
0.354615	0.55025	0.553418	0.270903
0.355385	0.547784	0.551016	0.389002
0.356154	0.546047	0.548624	0.477263
0.356923	0.54187	0.546243	0.528872
0.357692	0.541284	0.543871	0.541329
0.358462	0.537473	0.541511	0.512821
0.359231	0.536038	0.53916	0.446946
0.36	0.533774	0.53682	0.34819
0.360769	0.530369	0.534489	0.22431
0.361538	0.529618	0.532169	0.0851932
0.362308	0.525545	0.529859	-0.0596621
0.363077	0.524967	0.527559	-0.198275
0.363846	0.522152	0.525269	-0.321496
0.364615	0.519776	0.522989	-0.41962
0.365385	0.518211	0.520719	-0.485706
0.366154	0.514024	0.518458	-0.515606
0.366923	0.51125	0.516208	-0.506474
0.367692	0.511497	0.513967	-0.460469
0.368462	0.508574	0.511736	-0.380303
0.369231	0.506281	0.509515	-0.272845
0.37	0.504651	0.507303	-0.146254
0.370769	0.500908	0.505101	-0.00956535
0.371538	0.500277	0.502908	0.126038
0.372308	0.496934	0.500725	0.251605
0.373077	0.495498	0.498552	0.356965
0.373846	0.493563	0.496387	0.434985
0.374615	0.490323	0.494233	0.480173
0.375385	0.489714	0.492087	0.488855
0.376154	0.485858	0.489951	0.461677
0.376923	0.485353	0.487824	0.399915
0.377692	0.482676	0.485707	0.309279
0.378462	0.480465	0.483598	0.196388
0.379231	0.478966	0.481499	0.0696057
0.38	0.475068	0.479409	-0.0608299
0.380769	0.474784	0.477328	-0.186201
0.381538	0.471517	0.475256	-0.296267
0.382308	0.470186	0.473193	-0.383666
0.383077	0.468264	0.471139	-0.441943
0.383846	0.465209	0.469094	-0.466641
0.384615	0.462948	0.467058	-0.457033
0.385385	0.462456	0.46503	-0.41314
0.386154	0.459453	0.463011	-0.339382
0.386923	0.458055	0.461002	-0.241019
0.387692	0.456326	0.459	-0.125504
0.388462	0.453273	0.457008	-0.00213047
0.389231	0.452738	0.455024	0.120777
0.39	0.449173	0.453049	0.233157
0.390769	0.448668	0.451082	0.327454
0.391538	0.446197	0.449124	0.396604
0.392308	0.444113	0.447175	0.435381
0.393077	0.44275	0.445234	0.441916
0.393846	0.439099	0.443301	0.415071
0.394615	0.438878	0.441377	0.357952
0.395385	0.435916	0.439461	0.274613
0.396154	0.434626	0.437553	0.171399
0.396923	0.432903	0.435654	0.0567
0.397692	0.430022	0.433763	-0.0617315
0.398462	0.429498	0.43188	-0.174195
0.399231	0.426208	0.430005	-0.273006
0.4	0.425679	0.428138	-0.350809
0.400769	0.423455	0.42628	-0.401643
0.401538	0.421426	0.424429	-0.422722
0.402308	0.418957	0.422587	-0.411861
0.403077	0.418502	0.420753	-0.370855
0.403846	0.41527	0.418926	-0.302706
0.404615	0.414741	0.417108	-0.212505
0.405385	0.412525	0.415297	-0.107773
0.406154	0.410539	0.413494	0.00443979
0.406923	0.409335	0.411699	0.114972
0.407692	0.405955	0.409912	0.216059
0.408462	0.405738	0.408133	0.300346
0.409231	0.402995	0.406361	0.361198
0.41	0.401774	0.404597	0.395104
0.410769	0.400168	0.402841	0.39899
0.411538	0.397476	0.401092	0.373334
0.412308	0.396989	0.399351	0.320254
0.413077	0.393994	0.397618	0.243498
0.413846	0.393445	0.395892	0.149717
0.414615	0.391464	0.394173	0.0452215
0.415385	0.389521	0.392462	-0.0615815
0.416154	0.388505	0.390759	-0.162867
0.416923	0.385203	0.389062	-0.251523
0.417692	0.385125	0.387374	-0.320377
0.418462	0.382485	0.385692	-0.365281
0.419231	0.381353	0.384018	-0.382526
0.42	0.379477	0.382351	-0.371241
0.420769	0.378483	0.380691	-0.332818
0.421538	0.375242	0.379039	-0.26968
0.422308	0.375165	0.377393	-0.1875
0.423077	0.372613	0.375755	-0.0919518
0.423846	0.371473	0.374124	0.00956787
0.424615	0.369929	0.3725	0.109193
0.425385	0.367441	0.370883	0.200187
0.426154	0.36692	0.369273	0.275119
0.426923	0.364142	0.36767	0.329147
0.427692	0.363596	0.366074	0.358258
0.428462	0.361817	0.364485	0.360231
0.429231	0.359954	0.362903	0.335787
0.43	0.359122	0.361327	0.286233
0.430769	0.355986	0.359759	0.216022
0.431538	0.356049	0.358197	0.130383
0.432308	0.353706	0.356642	0.0355102
0.433077	0.352601	0.355094	-0.060842
0.433846	0.351141	0.353553	-0.152228
0.434615	0.34879	0.352018	-0.231391
0.435385	0.348228	0.35049	-0.292674
0.436154	0.345467	0.348969	-0.332022
0.436923	0.344998	0.347454	-0.346059
0.437692	0.3435	0.345946	-0.334657
0.438462	0.342107	0.344444	-0.298423
0.439231	0.339784	0.342949	-0.240304
0.44	0.339257	0.34146	-0.165194
0.440769	0.336575	0.339978	-0.0781545
0.441538	0.336093	0.338502	0.0135936
0.442308	0.334354	0.337033	0.103584
0.443077	0.332637	0.33557	0.185202
0.443846	0.331834	0.334113	0.252008
0.444615	0.328957	0.332663	0.299843
0.445385	0.329011	0.331219	0.324719
0.446154	0.327003	0.329781	0.325273
0.446923	0.325878	0.328349	0.30183
0.447692	0.324697	0.326924	0.255816
0.448462	0.322427	0.325505	0.19151
0.449231	0.322042	0.324092	0.113317
0.45	0.319493	0.322685	0.0273211
0.450769	0.31905	0.321284	-0.0597556
0.451538	0.317326	0.31989	-0.142027
0.452308	0.315741	0.318501	-0.212785
0.453077	0.314859	0.317119	-0.267299
0.453846	0.312138	0.315742	-0.30165
0.454615	0.312109	0.314371	-0.313069
0.455385	0.310848	0.313007	-0.301538
0.456154	0.309207	0.311648	-0.267529
0.456923	0.30763	0.310295	-0.214039
0.457692	0.30678	0.308948	-0.145355
0.458462	0.304147	0.307607	-0.0662013
0.459231	0.304068	0.306272	0.0168237
0.46	0.30213	0.304942	0.0980007
0.460769	0.301088	0.303619	0.171215
0.461538	0.299996	0.302301	0.230793
0.462308	0.297854	0.300988	0.273016
0.463077	0.297585	0.299682	0.294313
0.463846	0.295414	0.298381	0.29361
0.464615	0.294892	0.297086	0.271239
0.465385	0.293477	0.295796	0.228591
0.466154	0.291912	0.294512	0.169619
0.466923	0.291224	0.293234	0.098361
0.467692	0.288642	0.291961	0.0203388
0.468462	0.288665	0.290694	-0.0583118
0.469231	0.286762	0.289432	-0.132309
0.47	0.285814	0.288175	-0.195633
0.470769	0.284664	0.286924	-0.243985
0.471538	0.28269	0.285679	-0.274006
0.472308	0.282305	0.284439	-0.283173
0.473077	0.281237	0.283204	-0.271578
0.473846	0.279459	0.281975	-0.239818
0.474615	0.278488	0.280751	-0.190506
0.475385	0.277408	0.279532	-0.127773
0.476154	0.275458	0.278319	-0.0558306
0.476923	0.275079	0.27711	0.0193732
0.477692	0.272943	0.275908	0.0924649
0.478462	0.272493	0.27471	0.158209
0.479231	0.271113	0.273517	0.211301
0.48	0.269664	0.27233	0.248478
0.480769	0.269037	0.271148	0.26676
0.481538	0.266744	0.269971	0.26493
0.482308	0.266718	0.268799	0.243693
0.483077	0.265143	0.267632	0.20423
0.483846	0.264155	0.26647	0.150075
0.484615	0.263268	0.265314	0.0852694
0.485385	0.261345	0.264162	0.0144271
0.486154	0.261117	0.263015	-0.056607
0.486923	0.25913	0.261874	-0.123063
0.487692	0.258696	0.260737	-0.179832
0.488462	0.257361	0.259605	-0.222604
0.489231	0.256012	0.258478	-0.248811
0.49	0.255334	0.257356	-0.25612
0.490769	0.254263	0.256239	-0.244458
0.491538	0.252446	0.255127	-0.214937
0.492308	0.251943	0.254019	-0.169481
0.493077	0.250767	0.252917	-0.11214
0.493846	0.249377	0.251819	-0.0469016
0.494615	0.248821	0.250726	0.0213205
0.495385	0.246592	0.249637	0.0870763
0.496154	0.246616	0.248554	0.146041
0.496923	0.245023	0.247475	0.193477
0.497692	0.244164	0.2464	0.226044
0.498462	0.243214	0.245331	0.241753
0.499231	0.24148	0.244266	0.23907
0.5	0.241179	0.243206	0.218803
0.500769	0.239386	0.24215	0.182471
0.501538	0.238929	0.241099	0.132665
0.502308	0.237803	0.240052	0.0736956
0.503077	0.236472	0.23901	0.00955041
0.503846	0.235995	0.237973	-0.05478
0.504615	0.234013	0.23694	-0.114317
0.505385	0.233961	0.235911	-0.165159
0.506154	0.232582	0.234887	-0.203129
0.506923	0.2317	0.233867	-0.225739
0.507692	0.230904	0.232852	-0.231615
0.508462	0.229273	0.231841	-0.220012
0.509231	0.227774	0.230835	-0.192427
0.51	0.227241	0.229833	-0.150812
0.510769	0.225896	0.228835	-0.0982317
0.511538	0.225013	0.227842	-0.0391241
0.512308	0.224286	0.226853	0.0225516
0.513077	0.222912	0.225868	0.0819526
0.513846	0.22246	0.224888	0.13456
0.514615	0.220892	0.223912	0.176964
0.515385	0.220418	0.22294	0.20563
0.516154	0.219409	0.221972	0.218798
0.516923	0.218158	0.221008	0.21576
0.517692	0.217694	0.220049	0.196456
0.518462	0.216253	0.219094	0.162933
0.519231	0.215755	0.218143	0.11757
0.52	0.214541	0.217196	0.0636975
0.520769	0.213601	0.216253	0.00581909
0.521538	0.212792	0.215314	-0.052195
0.522308	0.211368	0.21438	-0.105823
0.523077	0.211001	0.213449	-0.150963
0.523846	0.209856	0.212522	-0.184774
0.524615	0.209018	0.2116	-0.204399
0.525385	0.208145	0.210681	-0.208688
0.526154	0.2074	0.209767	-0.197647
0.526923	0.206237	0.208856	-0.171783
0.527692	0.205671	0.20795	-0.133569
0.528462	0.204138	0.207047	-0.0858055
0.529231	0.203732	0.206148	-0.0318932
0.53	0.20272	0.205253	0.0236589
0.530769	0.201929	0.204362	0.0771118
0.531538	0.201101	0.203475	0.124425
0.532308	0.199922	0.202592	0.161871
0.533077	0.199292	0.201713	0.187217
0.533846	0.198077	0.200837	0.198328
0.534615	0.197302	0.199965	0.194535
0.535385	0.196637	0.199097	0.176565
0.536154	0.195501	0.198233	0.145415
0.536923	0.195015	0.197372	0.10382
0.537692	0.194103	0.196516	0.0550001
0.538462	0.193213	0.195663	0.00227701
0.539231	0.192507	0.194813	-0.0499538
0.54	0.191233	0.193968	-0.0980616
0.540769	0.190896	0.193126	-0.138634
0.541538	0.189818	0.192287	-0.168322
0.542308	0.189216	0.191453	-0.185435
0.543077	0.188309	0.190622	-0.188656
0.543846	0.187293	0.189794	-0.177658
0.544615	0.186614	0.18897	-0.153816
0.545385	0.185805	0.18815	-0.118639
0.546154	0.184742	0.187333	-0.0748978
0.546923	0.184147	0.18652	-0.0262009
0.547692	0.183095	0.18571	0.0242378
0.548462	0.182544	0.184904	0.0723607
0.549231	0.181776	0.184102	0.114571
0.55	0.18084	0.183302	0.148146
0.550769	0.180281	0.182507	0.170244
0.551538	0.179049	0.181715	0.179527
0.552308	0.178613	0.180926	0.175576
0.553077	0.177989	0.18014	0.158391
0.553846	0.176771	0.179358	0.129739
0.554615	0.176442	0.17858	0.0917636
0.555385	0.175466	0.177805	0.0470962
0.556154	0.174864	0.177033	-0.000458783
0.556923	0.174062	0.176264	-0.0476401
0.557692	0.173112	0.175499	-0.0909988
0.558462	0.172489	0.174737	-0.126994
0.559231	0.171443	0.173979	-0.153429
0.56	0.171013	0.173224	-0.168252
0.560769	0.170182	0.172472	-0.170277
0.561538	0.169228	0.171723	-0.159877
0.562308	0.168764	0.170978	-0.137589
0.563077	0.168005	0.170235	-0.1052
0.563846	0.167193	0.169496	-0.0655049
0.564615	0.166618	0.168761	-0.0210965
0.565385	0.165491	0.168028	0.0244615
0.566154	0.165215	0.167299	0.067651
0.566923	0.164364	0.166573	0.105676
0.567692	0.163768	0.165849	0.135394
0.568462	0.163065	0.16513	0.154747
0.569231	0.16216	0.164413	0.162659
0.57	0.1616	0.163699	0.158229
0.570769	0.160942	0.162988	0.142143
0.571538	0.159975	0.162281	0.115795
0.572308	0.159483	0.161577	0.0808577
0.573077	0.158517	0.160875	0.0403657
0.573846	0.158039	0.160177	-0.002714
0.574615	0.15734	0.159481	-0.0454202
0.575385	0.156526	0.158789	-0.0841794
0.576154	0.156018	0.1581	-0.116397
0.576923	0.154956	0.157414	-0.139838
0.577692	0.15458	0.15673	-0.15247
0.578462	0.153917	0.15605	-0.153805
0.579231	0.152952	0.155373	-0.143774
0.58	0.152728	0.154698	-0.122949
0.580769	0.151885	0.154027	-0.093369
0.581538	0.151389	0.153358	-0.0570868
0.582308	0.150693	0.152692	-0.0167217
0.583077	0.149904	0.152029	0.024317
0.583846	0.149461	0.15137	0.063307
0.584615	0.148479	0.150712	0.0973508
0.585385	0.148202	0.150058	0.123664
0.586154	0.147359	0.149407	0.140746
0.586923	0.146795	0.148758	0.147246
0.587692	0.146092	0.148113	0.142588
0.588462	0.145514	0.14747	0.127601
0.589231	0.144684	0.14683	0.10321
0.59	0.144269	0.146192	0.071252
0.590769	0.143244	0.145558	0.0345081
0.591538	0.14289	0.144926	-0.00460715
0.592308	0.142261	0.144297	-0.0430915
0.593077	0.141557	0.14367	-0.0778349
0.593846	0.141145	0.143047	-0.106677
0.594615	0.140144	0.142426	-0.127332
0.595385	0.139897	0.141807	-0.138185
0.596154	0.139166	0.141192	-0.138891
0.596923	0.138521	0.140579	-0.1292
0.597692	0.138157	0.139969	-0.109881
0.598462	0.137224	0.139361	-0.0827843
0.599231	0.13701	0.138756	-0.0496402
0.6	0.13621	0.138154	-0.0130345
0.600769	0.135727	0.137554	0.0240248
0.601538	0.135147	0.136957	0.0591595
0.602308	0.134311	0.136363	0.0896057
0.603077	0.134068	0.135771	0.11297
0.603846	0.133158	0.135181	0.127953
0.604615	0.132855	0.134594	0.133264
0.605385	0.13222	0.13401	0.128509
0.606154	0.131599	0.133428	0.114476
0.606923	0.130868	0.132849	0.091975
0.607692	0.130534	0.132273	0.0627585
0.608462	0.129534	0.131698	0.0293551
0.609231	0.129345	0.131127	-0.00607011
0.61	0.128601	0.130558	-0.0407762
0.610769	0.128037	0.129991	-0.0719501
0.611538	0.127646	0.129427	-0.0976765
0.612308	0.12678	0.128865	-0.115925
0.613077	0.126573	0.128305	-0.125228
0.613846	0.125751	0.127748	-0.125339
0.614615	0.125382	0.127194	-0.1161
0.615385	0.1249	0.126642	-0.0981683
0.616154	0.124078	0.126092	-0.0733007
0.616923	0.123927	0.125545	-0.0431256
0.617692	0.123046	0.125	-0.00988322
0.618462	0.122832	0.124457	0.0236062
0.619231	0.122186	0.123917	0.055168
0.62	0.121617	0.123379	0.082461
0.620769	0.121279	0.122843	0.103202
0.621538	0.120328	0.12231	0.116246
0.622308	0.12025	0.121779	0.12062
0.623077	0.119713	0.121251	0.115818
0.623846	0.119051	0.120724	0.102624
0.624615	0.118514	0.1202	0.0819733
0.625385	0.118152	0.119678	0.0552414
0.626154	0.117247	0.119159	0.0248205
0.626923	0.117134	0.118642	-0.00715737
0.627692	0.116289	0.118127	-0.0384921
0.628462	0.116003	0.117614	-0.0665081
0.629231	0.115464	0.117103	-0.0893453
0.63	0.114762	0.116595	-0.105508
0.630769	0.114529	0.116089	-0.113502
0.631538	0.113585	0.115585	-0.113022
0.632308	0.113486	0.115083	-0.104302
0.633077	0.112856	0.114584	-0.087714
0.633846	0.112339	0.114086	-0.0647941
0.634615	0.112019	0.113591	-0.0373978
0.635385	0.111092	0.113098	-0.00725849
0.636154	0.111076	0.112607	0.0231132
0.636923	0.110374	0.112118	0.0513812
0.637692	0.11003	0.111631	0.0757981
0.638462	0.109623	0.111147	0.0943254
0.639231	0.108883	0.110664	0.105574
0.64	0.108764	0.110184	0.109099
0.640769	0.108226	0.109706	0.10444
0.641538	0.107558	0.10923	0.0919574
0.642308	0.107206	0.108755	0.0729686
0.643077	0.106823	0.108283	0.0486712
0.643846	0.106087	0.107813	0.0208624
0.644615	0.105983	0.107345	-0.00804366
0.645385	0.105178	0.106879	-0.036159
0.646154	0.105039	0.106415	-0.0614574
0.646923	0.104502	0.105953	-0.0817665
0.647692	0.103992	0.105493	-0.0958847
0.648462	0.103719	0.105036	-0.102878
0.649231	0.102847	0.10458	-0.101969
0.65	0.102831	0.104126	-0.0935478
0.650769	0.102115	0.103674	-0.0783762
0.651538	0.101843	0.103224	-0.0573154
0.652308	0.101388	0.102776	-0.0322221
0.653077	0.100756	0.102329	-0.00508155
0.653846	0.100561	0.101885	0.0224013
0.654615	0.0997144	0.101443	0.0479576
0.655385	0.099637	0.101003	0.0695984
0.656154	0.0990595	0.100564	0.0860821
0.656923	0.0986196	0.100128	0.0960249
0.657692	0.098309	0.099693	0.0986115
0.658462	0.0980228	0.0992602	0.0940463
0.659231	0.0971999	0.0988294	0.0825514
0.66	0.0971213	0.0984003	0.064877
0.660769	0.0965546	0.0979732	0.0427202
0.661538	0.0961271	0.0975479	0.017618
0.662308	0.0958149	0.0971245	-0.00873576
0.663077	0.0950437	0.0967029	-0.0340476
0.663846	0.0949836	0.0962831	-0.0565554
0.664615	0.0943351	0.0958652	-0.0748404
0.665385	0.0940637	0.095449	-0.0872665
0.666154	0.0936734	0.0950347	-0.0930245
0.666923	0.093058	0.0946222	-0.0920034
0.667692	0.0929224	0.0942114	-0.0840414
0.668462	0.0922233	0.0938025	-0.0698001
0.669231	0.0920843	0.0933953	-0.0506775
0.67	0.0916362	0.0929899	-0.0278672
0.670769	0.0911613	0.0925862	-0.00304788
0.671538	0.0909589	0.0921843	0.0216127
0.672308	0.0901779	0.0917841	0.0445139
0.673077	0.0901934	0.0913857	0.0640776
0.673846	0.0896488	0.090989	0.0785601
0.674615	0.0893417	0.0905941	0.0871071
0.675385	0.0890284	0.0902008	0.0893023
0.676154	0.08857	0.0898093	0.0847172
0.676923	0.0878185	0.0894194	0.0738643
0.677692	0.0878122	0.0890312	0.057826
0.678462	0.0872745	0.0886448	0.0375332
0.679231	0.0869725	0.08826	0.0145688
0.68	0.086671	0.0878769	-0.00906985
0.680769	0.0860534	0.0874954	-0.0318921
0.681538	0.0859831	0.0871156	-0.0522516
0.682308	0.0853671	0.0867374	-0.0683556
0.683077	0.0852128	0.0863609	-0.079261
0.683846	0.0848199	0.085986	-0.0843259
0.684615	0.0843618	0.0856128	-0.0829082
0.685385	0.0841875	0.0852412	-0.0753113
0.686154	0.0834461	0.0848711	-0.0623514
0.686923	0.0834717	0.0845027	-0.0447313
0.687692	0.0829436	0.0841359	-0.0238519
0.688462	0.0826748	0.0837707	-0.00155272
0.689231	0.0823565	0.0834071	0.0207651
0.69	0.0817988	0.083045	0.0414906
0.690769	0.081687	0.0826845	0.0587974
0.691538	0.0810192	0.0823256	0.071629
0.692308	0.0809376	0.0819682	0.0792151
0.693077	0.0804792	0.0816124	0.0807268
0.693846	0.0801752	0.0812581	0.0762098
0.694615	0.0795863	0.0809054	0.0662799
0.695385	0.0795367	0.0805542	0.0514371
0.696154	0.0789758	0.0802045	0.0328208
0.696923	0.0788215	0.0798564	0.012133
0.697692	0.0784657	0.0795097	-0.00929142
0.698462	0.0780316	0.0791646	-0.0299739
0.699231	0.0778768	0.078821	-0.048077
0.7	0.0771935	0.0784788	-0.0623987
0.700769	0.0772111	0.0781381	-0.0721264
0.701538	0.0767251	0.077799	-0.0762943
0.702308	0.0764706	0.0774612	-0.0746387
0.703077	0.0761789	0.077125	-0.0676185
0.703846	0.0756572	0.0767902	-0.0555902
0.704615	0.075557	0.0764569	-0.0393624
0.705385	0.0749416	0.076125	-0.0204809
0.706154	0.0748614	0.0757945	-0.000272523
0.706923	0.07444	0.0754655	0.0199847
0.707692	0.0740943	0.0751379	0.0385194
0.708462	0.0738649	0.0748118	0.053933
0.709231	0.073258	0.074487	0.0654037
0.71	0.0732183	0.0741637	0.0719406
0.710769	0.0727082	0.0738418	0.0729319
0.711538	0.0725323	0.0735212	0.0686469
0.712308	0.0721139	0.0732021	0.0594103
0.713077	0.071989	0.0728843	0.0456846
0.713846	0.0713956	0.0725679	0.0287532
0.714615	0.0713756	0.0722529	0.0100091
0.715385	0.0709674	0.0719393	-0.00944128
0.716154	0.0706938	0.071627	-0.0280494
0.716923	0.0704675	0.0713161	-0.0442094
0.717692	0.0699455	0.0710065	-0.0570003
0.718462	0.0698978	0.0706983	-0.0655594
0.719231	0.06937	0.0703914	-0.0689931
0.72	0.06926	0.0700858	-0.0672318
0.720769	0.0689091	0.0697816	-0.0606523
0.721538	0.068556	0.0694787	-0.0495109
0.722308	0.0683795	0.0691771	-0.0346541
0.723077	0.0677878	0.0688768	-0.0175031
0.723846	0.0677829	0.0685778	0.00081612
0.724615	0.0673169	0.0682801	0.0191118
0.725385	0.0671214	0.0679837	0.0357454
0.726154	0.0668298	0.0676886	0.0494995
0.726923	0.0663968	0.0673948	0.0596575
0.727692	0.0662774	0.0671023	0.065318
0.728462	0.065732	0.066811	0.0659342
0.729231	0.065531	0.066521	0.0617865
0.73	0.0652807	0.0662322	0.0532148
0.730769	0.065069	0.0659447	0.040618
0.731538	0.0645823	0.0656584	0.0251445
0.732308	0.0645438	0.0653734	0.00813439
0.733077	0.0641086	0.0650897	-0.00941554
0.733846	0.0639571	0.0648071	-0.0261968
0.734615	0.0636914	0.0645258	-0.0406928
0.735385	0.0633104	0.0642457	-0.0520136
0.736154	0.0632113	0.0639668	-0.0595263
0.736923	0.0626992	0.0636891	-0.0624355
0.737692	0.0626697	0.0634127	-0.0605435
0.738462	0.0623203	0.0631374	-0.0543153
0.739231	0.0620684	0.0628633	-0.0441106
0.74	0.0618788	0.0625905	-0.0305184
0.740769	0.0614088	0.0623188	-0.0148317
0.741538	0.0613764	0.0620483	0.00170792
0.742308	0.0609219	0.0617789	0.0181529
0.743077	0.0608146	0.0615107	0.0331842
0.743846	0.0605159	0.0612437	0.0454666
0.744615	0.060195	0.0609779	0.0543382
0.745385	0.0600497	0.0607132	0.0592802
0.746154	0.0594928	0.0604496	0.0596759
0.746923	0.0592809	0.0601872	0.0555772
0.747692	0.0592173	0.059926	0.0475892
0.748462	0.0588803	0.0596658	0.03616
0.749231	0.0586044	0.0594068	0.0219993
0.75	0.0584221	0.059149	0.00644701
0.750769	0.0579377	0.0588922	-0.00929788
0.751538	0.0579078	0.0586366	-0.0243465
0.752308	0.0575211	0.058382	-0.0374791
0.753077	0.057339	0.0581286	-0.0475111
0.753846	0.0571064	0.0578763	-0.0539459
0.754615	0.0567172	0.057625	-0.056455
0.755385	0.0566365	0.0573749	-0.0546085
0.756154	0.0562204	0.0571258	-0.0485975
0.756923	0.0561128	0.0568779	-0.0391738
0.757692	0.0558485	0.056631	-0.0269227
0.758462	0.0555369	0.0563851	-0.0125763
0.759231	0.0554218	0.0561404	0.0025455
0.76	0.0549761	0.0558967	0.0172215
0.760769	0.0549419	0.055654	0.0306453
0.761538	0.0546434	0.0554125	0.0417978
0.762308	0.0544102	0.0551719	0.049608
0.763077	0.0542566	0.0549324	0.0536758
0.763846	0.0537633	0.054694	0.0539287
0.764615	0.0536384	0.0544566	0.0501457
0.765385	0.0535837	0.0542202	0.0425475
0.766154	0.0533117	0.0539848	0.0320069
0.766923	0.0530652	0.0537505	0.0193107
0.767692	0.0529321	0.0535171	0.00515378
0.768462	0.0524974	0.0532848	-0.00927007
0.769231	0.0525008	0.0530535	-0.0226752
0.77	0.0521555	0.0528232	-0.0342918
0.770769	0.0520192	0.0525939	-0.0433994
0.771538	0.0518086	0.0523656	-0.0490785
0.772308	0.0514887	0.0521383	-0.0509148
0.773077	0.0514107	0.051912	-0.0490792
0.773846	0.0509777	0.0516867	-0.0436581
0.774615	0.050963	0.0514623	-0.0348426
0.775385	0.0506617	0.0512389	-0.0234877
0.776154	0.0504669	0.0510165	-0.0106376
0.776923	0.0502954	0.050795	0.00297746
0.777692	0.0499239	0.0505745	0.0164348
0.778462	0.0498801	0.050355	0.0284681
0.779231	0.0494902	0.0501364	0.0381962
0.78	0.0494171	0.0499188	0.0451862
0.780769	0.0491554	0.0497021	0.0488525
0.781538	0.0485645	0.0494863	0.0487139
0.782308	0.0486541	0.0492715	0.044983
0.783077	0.0486328	0.0490576	0.0381506
0.783846	0.0482709	0.0488447	0.0285234
0.784615	0.0481816	0.0486327	0.0167298
0.785385	0.0479445	0.0484216	0.00392533
0.786154	0.0476852	0.0482114	-0.00890083
0.786923	0.0475712	0.0480021	-0.0210666
0.787692	0.0471452	0.0477937	-0.0316247
0.788462	0.0471521	0.0475863	-0.0395506
0.789231	0.0468337	0.0473797	-0.0444023
0.79	0.0466885	0.047174	-0.0460661
0.790769	0.0464917	0.0469692	-0.0442621
0.791538	0.0461818	0.0467654	-0.0389853
0.792308	0.0461048	0.0465624	-0.0308867
0.793077	0.0457241	0.0463602	-0.0207001
0.793846	0.0456739	0.046159	-0.00894283
0.794615	0.0454137	0.0459586	0.00354188
0.795385	0.0452005	0.0457591	0.0155542
0.796154	0.045059	0.0455605	0.0262292
0.796923	0.0446857	0.0453627	0.0350474
0.797692	0.044661	0.0451658	0.0412873
0.798462	0.0443589	0.0449697	0.0442666
0.799231	0.0439146	0.0447745	0.0439301
0.8	0.0441313	0.0445802	0.0405426
0.800769	0.0440355	0.0443867	0.0341999
0.801538	0.0436328	0.044194	0.0252258
0.802308	0.0436472	0.0440021	0.0145267
0.803077	0.0433589	0.0438111	0.00304037
0.803846	0.0432179	0.043621	-0.00861581
0.804615	0.0430423	0.0434316	-0.0196581
0.805385	0.0427487	0.0432431	-0.0290154
0.806154	0.042684	0.0430554	-0.0359715
0.806923	0.0423319	0.0428685	-0.0402937
0.807692	0.0422852	0.0426824	-0.0416761
0.808462	0.0420443	0.0424971	-0.0397809
0.809231	0.041847	0.0423126	-0.0348264
0.81	0.0417157	0.042129	-0.0274599
0.810769	0.0413707	0.0419461	-0.0181622
0.811538	0.041347	0.041764	-0.00740008
0.812308	0.0410591	0.0415827	0.00389521
0.813077	0.0409394	0.0414022	0.0146573
0.813846	0.0407595	0.0412225	0.0242403
0.814615	0.0404941	0.0410435	0.0321483
0.815385	0.0404203	0.0408654	0.0376371
0.816154	0.0401024	0.040688	0.0401352
0.816923	0.0397812	0.0405114	0.0396746
0.817692	0.039962	0.0403355	0.0364809
0.818462	0.0398717	0.0401604	0.0306078
0.819231	0.0395275	0.0399861	0.0223682
0.82	0.0395397	0.0398125	0.0126134
0.820769	0.0392755	0.0396397	0.00220899
0.821538	0.0391702	0.0394676	-0.00829574
0.822308	0.0390085	0.0392963	-0.0182324
0.823077	0.0387643	0.0391257	-0.0266333
0.823846	0.0387035	0.0389559	-0.0327903
0.824615	0.0383695	0.0387868	-0.0365059
0.825385	0.0383616	0.0386184	-0.037612
0.826154	0.0381283	0.0384508	-0.0358059
0.826923	0.0379836	0.0382839	-0.0311698
0.827692	0.0378498	0.0381177	-0.0243178
0.828462	0.0375707	0.0379522	-0.0158479
0.829231	0.0375347	0.0377875	-0.00615665
0.83	0.0372367	0.0376235	0.00409271
0.830769	0.037184	0.0374601	0.0138883
0.831538	0.0369838	0.0372975	0.0224419
0.832308	0.0367989	0.0371356	0.0293753
0.833077	0.0366948	0.0369744	0.034255
0.833846	0.0363802	0.0368139	0.0364921
0.834615	0.0360117	0.0366541	0.0358727
0.835385	0.0360563	0.036495	0.03271
0.836154	0.0358948	0.0363366	0.0273386
0.836923	0.0356821	0.0361789	0.0199375
0.837692	0.0356129	0.0360218	0.0109862
0.838462	0.035342	0.0358654	0.00139682
0.839231	0.0352969	0.0357098	-0.0080138
0.84	0.0351179	0.0355547	-0.0167771
0.840769	0.0349477	0.0354004	-0.0243622
0.841538	0.0348591	0.0352467	-0.0299963
0.842308	0.0345689	0.0350937	-0.0331484
0.843077	0.0345667	0.0349414	-0.0338152
0.843846	0.0343666	0.0347897	-0.0321165
0.844615	0.0342414	0.0346387	-0.0280039
0.845385	0.0341302	0.0344883	-0.0216373
0.846154	0.0338843	0.0343386	-0.0136859
0.846923	0.0338606	0.0341896	-0.00493908
0.847692	0.0336325	0.0340412	0.00410245
0.848462	0.0335586	0.0338934	0.0129692
0.849231	0.0334179	0.0337463	0.0208755
0.85	0.033225	0.0335998	0.0270224
0.850769	0.0331705	0.0334539	0.031067
0.851538	0.0329059	0.0333087	0.032962
0.852308	0.032731	0.0331641	0.032523
0.853077	0.0328146	0.0330202	0.0295593
0.853846	0.032678	0.0328768	0.0243352
0.854615	0.0324857	0.0327341	0.0175051
0.855385	0.0324344	0.032592	0.00961063
0.856154	0.0321578	0.0324505	0.00100446
0.856923	0.0321595	0.0323097	-0.00773482
0.857692	0.0319685	0.0321694	-0.0157283
0.858462	0.0318542	0.0320298	-0.0222774
0.859231	0.0317476	0.0318908	-0.0271143
0.86	0.0315194	0.0317523	-0.03005
0.860769	0.0314959	0.0316145	-0.030712
0.861538	0.0312488	0.0314773	-0.0288776
0.862308	0.0312141	0.0313406	-0.0248313
0.863077	0.0310503	0.0312046	-0.019115
0.863846	0.0309031	0.0310691	-0.0120954
0.864615	0.0308213	0.0309343	-0.00406495
0.865385	0.0305637	0.0308	0.00436104
0.866154	0.0305626	0.0306663	0.0123117
0.866923	0.0303428	0.0305332	0.019147
0.867692	0.030275	0.0304006	0.0245958
0.868462	0.0301359	0.0302686	0.0283836
0.869231	0.0299593	0.0301373	0.0300515
0.87	0.0297619	0.0300064	0.0293204
0.870769	0.0297958	0.0298762	0.0264052
0.871538	0.0296192	0.0297465	0.0217571
0.872308	0.0295108	0.0296174	0.0156646
0.873077	0.0294133	0.0294888	0.00835394
0.873846	0.0291985	0.0293608	0.000372294
0.874615	0.0291787	0.0292333	-0.0074465
0.875385	0.0289495	0.0291064	-0.0144378
0.876154	0.0289162	0.0289801	-0.0202955
0.876923	0.0287651	0.0288543	-0.0247523
0.877692	0.0286266	0.0287291	-0.0273414
0.878462	0.0285523	0.0286043	-0.0276756
0.879231	0.0283106	0.0284802	-0.0258191
0.88	0.0283119	0.0283565	-0.0221656
0.880769	0.0281089	0.0282335	-0.017024
0.881538	0.0280446	0.0281109	-0.010561
0.882308	0.0279173	0.0279889	-0.00315527
0.883077	0.0277513	0.0278674	0.00445385
0.883846	0.0276984	0.0277464	0.0115131
0.884615	0.0274474	0.027626	0.0176062
0.885385	0.0274529	0.027506	0.0225194
0.886154	0.027276	0.0273866	0.025895
0.886923	0.0271816	0.0272678	0.0272652
0.887692	0.0268095	0.0271494	0.0264464
0.888462	0.0268206	0.0270315	0.0237033
0.889231	0.0266708	0.0269142	0.0194403
0.89	0.0265719	0.0267974	0.0138883
0.890769	0.0264902	0.0266811	0.00724045
0.891538	0.0262987	0.0265652	-1.22847e-05
0.892308	0.026284	0.0264499	-0.00710302
0.893077	0.0261052	0.0263351	-0.0133847
0.893846	0.0260527	0.0262208	-0.0185596
0.894615	0.0259418	0.026107	-0.0224572
0.895385	0.0257972	0.0259936	-0.0247433
0.896154	0.025753	0.0258808	-0.02503
0.896923	0.0255416	0.0257685	-0.0232464
0.897692	0.0255393	0.0256566	-0.0197384
0.898462	0.0253956	0.0255452	-0.0149545
0.899231	0.0253015	0.0254343	-0.00916094
0.9	0.0252243	0.0253239	-0.00256859
0.900769	0.0250402	0.025214	0.00435563
0.901538	0.0250283	0.0251046	0.0108846
0.902308	0.0248486	0.0249956	0.0163862
0.903077	0.0248083	0.0248871	0.0205823
0.903846	0.0246949	0.0247791	0.0233951
0.904615	0.0245651	0.0246715	0.0246406
0.905385	0.0245809	0.0245644	0.0240265
0.906154	0.0244665	0.0244578	0.0214704
0.906923	0.0243165	0.0243516	0.0173017
0.907692	0.0242686	0.0242459	0.0120651
0.908462	0.0240499	0.0241406	0.00617674
0.909231	0.0240472	0.0240359	-0.00012897
0.91	0.023894	0.0239315	-0.00653467
0.910769	0.0238031	0.0238276	-0.0124584
0.911538	0.0237145	0.0237242	-0.0172406
0.912308	0.0235368	0.0236212	-0.0204904
0.913077	0.023512	0.0235187	-0.0221719
0.913846	0.0233247	0.0234166	-0.022352
0.914615	0.023287	0.0233149	-0.0209635
0.915385	0.0231623	0.0232137	-0.0178987
0.916154	0.0230403	0.023113	-0.0133065
0.916923	0.0229774	0.0230126	-0.00769694
0.917692	0.0227723	0.0229127	-0.00170188
0.918462	0.0227705	0.0228133	0.0042339
0.919231	0.0226146	0.0227143	0.00987861
0.92	0.0225422	0.0226157	0.0149687
0.920769	0.0224462	0.0225175	0.0190402
0.921538	0.022293	0.0224197	0.0215775
0.922308	0.0222561	0.0223224	0.0223246
0.923077	0.0222334	0.0222255	0.021399
0.923846	0.0220685	0.022129	0.0190891
0.924615	0.0220149	0.022033	0.0155855
0.925385	0.0219091	0.0219373	0.0109602
0.926154	0.0217757	0.0218421	0.00539759
0.926923	0.0217285	0.0217473	-0.00062257
0.927692	0.021537	0.0216529	-0.00643297
0.928462	0.0215271	0.0215589	-0.0114814
0.929231	0.0213927	0.0214653	-0.0155112
0.93	0.0213055	0.0213721	-0.0184498
0.930769	0.0212276	0.0212794	-0.0201649
0.931538	0.0210642	0.021187	-0.0203905
0.932308	0.0210423	0.021095	-0.0189153
0.933077	0.0208831	0.0210035	-0.0158285
0.933846	0.0208371	0.0209123	-0.011548
0.934615	0.0207324	0.0208215	-0.00659458
0.935385	0.0206126	0.0207311	-0.00134365
0.936154	0.020562	0.0206411	0.00400245
0.936923	0.0203816	0.0205515	0.00922409
0.937692	0.0203722	0.0204623	0.0139126
0.938462	0.0202444	0.0203735	0.0175269
0.939231	0.0201635	0.0202851	0.0196416
0.94	0.0200878	0.020197	0.0201496
0.940769	0.0202679	0.0201093	0.019228
0.941538	0.020229	0.020022	0.0171175
0.942308	0.0200442	0.0199351	0.0139432
0.943077	0.0200611	0.0198486	0.00974961
0.943846	0.0199317	0.0197624	0.0046972
0.944615	0.0198732	0.0196766	-0.000794044
0.945385	0.0198005	0.0195912	-0.00611606
0.946154	0.0196659	0.0195062	-0.0107103
0.946923	0.0196487	0.0194215	-0.014266
0.947692	0.0194866	0.0193372	-0.0167175
0.948462	0.019477	0.0192533	-0.0180681
0.949231	0.019371	0.0191697	-0.0182263
0.95	0.0192859	0.0190865	-0.0170156
0.950769	0.019235	0.0190036	-0.0143494
0.951538	0.0190761	0.0189211	-0.0104065
0.952308	0.0190792	0.018839	-0.00564284
0.953077	0.0189408	0.0187572	-0.000619054
0.953846	0.0189041	0.0186758	0.00421744
0.954615	0.0188202	0.0185947	0.00862623
0.955385	0.0187103	0.018514	0.0124881
0.956154	0.01868	0.0184337	0.0156386
0.956923	0.0185101	0.0183536	0.0177834
0.957692	0.0185205	0.018274	0.0185775
0.958462	0.018655	0.0181946	0.0178129
0.959231	0.0184874	0.0181157	0.0155624
0.96	0.0184866	0.018037	0.0121687
0.960769	0.0183744	0.0179587	0.00808563
0.961538	0.0182988	0.0178808	0.00369271
0.962308	0.0182414	0.0178032	-0.000785592
0.963077	0.0180924	0.0177259	-0.00521385
0.963846	0.0180889	0.0176489	-0.00940456
0.964615	0.0179466	0.0175723	-0.0130281
0.965385	0.0179174	0.017496	-0.0156556
0.966154	0.0178286	0.0174201	-0.0169128
0.966923	0.0177273	0.0173445	-0.016643
0.967692	0.0176914	0.0172692	-0.0149685
0.968462	0.0175209	0.0171942	-0.0122151
0.969231	0.0175355	0.0171196	-0.00875475
0.97	0.0174173	0.0170453	-0.00486993
0.970769	0.0173614	0.0169713	-0.000722352
0.971538	0.0172951	0.0168976	0.00357042
0.972308	0.0171706	0.0168243	0.00781752
0.973077	0.017157	0.0167512	0.0116881
0.973846	0.0170149	0.0166785	0.0147496
0.974615	0.0170147	0.0166061	0.0165956
0.975385	0.0169386	0.016534	0.0169907
0.976154	0.0163346	0.0164623	0.0159524
0.976923	0.0161822	0.0163908	0.0137266
0.977692	0.0161933	0.0163196	0.010677
0.978462	0.0160706	0.0162488	0.00715124
0.979231	0.0160176	0.0161783	0.00339571
0.98	0.0159283	0.016108	-0.000445778
0.980769	0.015757	0.0160381	-0.00426178
0.981538	0.0156572	0.0159685	-0.00788378
0.982308	0.0154572	0.0158992	-0.0110362
0.983077	0.0154397	0.0158302	-0.01336
0.983846	0.0153867	0.0157615	-0.0145031
0.984615	0.0159426	0.015693	-0.0142359
0.985385	0.0157994	0.0156249	-0.0125395
0.986154	0.0158021	0.0155571	-0.00962706
0.986923	0.0156715	0.0154896	-0.00589095
0.987692	0.0156704	0.0154223	-0.00179989
0.988462	0.0159616	0.0153554	0.00221212
0.989231	0.0162543	0.0152887	0.00582401
0.99	0.0165486	0.0152224	0.00885077
0.990769	0.0165956	0.0151563	0.0112142
0.991538	0.0162816	0.0150905	0.0128844
0.992308	0.0155299	0.015025	0.0138238
0.993077	0.0143953	0.0149598	0.0139599
0.993846	0.013454	0.0148948	0.0131969
0.994615	0.0131382	0.0148302	0.0114611
0.995385	0.0133292	0.0147658	0.00875811
0.996154	0.014019	0.0147017	0.00521952
0.996923	0.0150584	0.0146379	0.00111822
0.997692	0.0162647	0.0145743	-0.00315435
0.998462	0.017017	0.0145111	-0.00714481
0.999231	0	0.0144481	0
